"pre.1"	"pre.2"	"pre.3"	"pre.4"	"pre.5"	"pre.6"	"pre.7"	"pre.8"	"pre.9"	"pre.10"	"pre.11"	"pre.12"	"pre.13"	"pre.14"	"pre.15"	"pre.16"	"pre.17"	"pre.18"	"pre.19"	"pre.20"	"pre.21"	"pre.22"	"pre.23"	"pre.24"	"post.1"	"post.2"	"post.3"	"post.4"	"post.5"	"post.6"	"post.7"	"post.8"	"post.9"	"post.10"	"post.11"	"post.12"	"post.13"	"post.14"	"post.15"	"post.16"	"post.17"	"post.18"	"post.19"	"post.20"	"post.21"	"post.22"	"post.23"	"post.24"
"hsa-let-7a-5p"	33.52623	31.54166	33.05866	32.4598	33.05819	31.73799	31.8927	31.46553	30.84651	32.75495	32.22708	31.58995	31.90395	31.32976	33.67092	31.14601	32.92619	32.19563	31.93238	31.56231	31.73028	32.48915	31.77921	33.27808	32.57844	31.59257	32.95736	30.98286	32.9037	30.5825	32.21297	30.63883	31.93813	32.18685	33.46728	33.06738	32.25894	31.2463	34.6249	31.14761	32.60591	31.52066	32.80575	32.79806	31.99001	32.27877	31.70888	32.95537
"hsa-let-7b"	30.56377	28.88457	29.0671	28.59103	29.95129	28.53752	28.81724	28.18737	27.66834	28.2888	28.47711	27.8292	28.74544	27.9912	28.89339	28.66277	28.6214	29.56348	28.95129	29.04578	29.05633	29.08208	28.94288	30.05554	28.30655	27.72836	29.2673	28.4575	29.28772	26.61445	28.57456	28.07989	28.6478	29.44784	29.28567	30.01416	26.94127	28.70382	30.34852	27.46913	28.92873	28.70433	29.69518	28.32194	27.94213	29.31559	28.1084	29.00756
"hsa-let-7b-3p"	35.1606076358619	35.23746	34.83452	34.72507	33.63852	33.77584	33.55561	34.4662	34.61085	33.55501	34.76832	34.50759	34.67047	34.48372	34.49203	35.0405	33.68929	34.89137	34.09757	34.07369	34.28141	34.5700490224264	34.85646	35.22764	34.23574	34.34778	34.61352	33.90325	35.2133	33.1678	34.22514	33.86529	35.03272	36.17498	35.2423374717083	35.98307	33.91828	33.6557	35.10045	34.74365	34.53881	34.05192	36.65385	35.78141	34.08035	35.1272204448062	33.91718	35.96438
"hsa-let-7c"	35.44984	33.92251	35.06916	34.02218	35.43562	33.57873	33.90058	33.59532	32.78743	34.26894	34.09305	33.67537	34.17918	33.55287	36.18267	32.99784	34.79406	34.2586	33.93806	33.55134	34.04153	34.49787	34.45319	35.02396	34.14717	33.27772	34.58328	32.80073	35.08573	32.43525	34.23548	32.7836	33.73404	34.25136	34.75478	34.80967	33.71072	33.64844	36.03208	32.94922	34.56346	33.82794	34.79291	34.95105	33.84682	34.26884	33.23402	34.86894
"hsa-let-7d"	33.09013	32.00949	32.98047	32.27941	33.76476	31.88101	32.25215	32.46749	31.49202	33.12801	32.43492	32.44553	32.56735	31.94818	34.17365	31.74193	33.59374	32.87037	32.06261	32.13224	31.96216	32.47982	32.03098	33.13004	33.68559	31.63487	32.75228	31.46765	33.11914	30.51481	33.48986	31.23364	31.95411	32.98065	32.54573	33.16153	32.4956	31.64977	34.01136	31.23566	32.87661	32.47915	32.56654	32.7537	32.25149	32.79943	31.02207	32.56086
"hsa-let-7d-3p"	31.20974	30.67716	31.42717	31.31105	31.53803	31.00368	30.82586	30.87578	30.07298	31.54087	30.8751	31.03738	31.45126	30.83536	31.13664	31.41473	30.88316	31.80319	31.61506	30.67622	30.53741	31.24097	31.23979	31.02958	31.76485	31.5542	31.53502	30.93508	31.55161	30.82866	31.82856	31.43786	30.92729	31.68254	31.4413	32.26917	30.30296	30.30215	31.04094	30.82775	31.46413	31.66286	31.48737	31.68324	30.80129	31.47612	30.55024	31.60638
"hsa-let-7e"	33.66219	33.61434	34.51999	33.62378	34.07652	32.80746	33.9363157849417	33.45373	32.89264	34.54779	34.42392	33.9251110348459	33.82527	33.16808	35.04987	33.72986	34.2787356580151	34.1119	33.62017	33.04308	32.99144	35.05548	32.86974	35.05029	33.67611	33.54567	35.05782	33.0709	34.53756	32.94465	35.17058	32.29443	33.56891	34.16864	35.71733	33.96257	33.96308	33.45448	35.58024	32.61889	33.22496	32.97751	33.9451	35.14199	32.72313	33.96431	33.6074	33.67457
"hsa-let-7f-5p"	33.15532	31.25223	32.81486	32.97025	32.9573	31.62261	31.88487	31.16797	30.82589	32.74438	32.24031	32.61386	31.8541	31.02546	34.07358	31.06637	32.80261	32.43764	31.53214	31.79117	31.65991	32.10714	31.25206	33.57644	32.85859	31.23749	32.72215	30.64153	32.94918	30.26443	32.23617	30.45033	31.19786	32.45168	32.74432	32.99572	32.59555	30.63126	34.07236	30.78078	33.11283	32.13452	32.29953	32.3597	32.29387	32.42894	31.17581	32.79226
"hsa-let-7g"	30.6358	28.9862	29.63383	28.97146	30.63953	28.82197	29.44975	28.85824	28.1329	29.54124	29.2906	28.89263	29.25248	28.78064	30.11221	28.81187	29.54587	30.23544	29.1844	29.50035	29.32974	29.63862	29.49417	30.27223	29.22177	27.97513	29.4804	28.47134	29.88212	26.89834	29.29699	28.28307	28.79371	29.69621	29.86298	30.24821	27.92672	28.89209	31.29195	27.93528	29.49732	29.16528	29.90018	28.9501	28.99199	29.42959	28.18321	29.91856
"hsa-let-7i"	31.53749	30.33953	30.5297	30.2803	31.52591	29.97962	30.44231	29.81314	29.421	30.45233	30.01771	29.7022	30.604	29.91484	31.01816	30.0391	30.45294	31.81849	30.73385	30.72353	30.24779	30.68717	30.65808	30.73759	30.60042	29.74214	30.94262	29.74723	31.12478	28.12228	30.47678	29.60705	29.96957	30.81806	30.50648	31.33562	28.89227	29.91178	32.03516	28.97411	30.51862	30.68139	30.97731	29.96882	29.6876	30.77389	29.26771	30.28715
"hsa-let-7i-3p"	34.61232	33.46086	33.47612	33.05289	35.12628	33.83685	33.73145	33.79978	32.75946	33.46609	34.20353	33.8625638332342	34.01887	33.83846	33.26323	34.27739	33.78528	34.6562032819337	34.16497	34.91457	33.76778	33.79762	34.31707	34.96437	33.95386	33.31447	33.65971	33.2053	34.41742	32.55676	34.68486	32.75569	33.72211	34.43967	34.86776	34.95793	33.04091	32.86011	34.4964	32.98144	33.63079	34.50155	33.83641	34.81265	33.90322	33.49272	33.19459	33.47645
"hsa-miR-1-3p"	36.04215	35.01477	34.8716	33.61072	35.37477	34.58186	35.53411	35.21384	33.262	33.72717	32.57578	34.68715	33.84491	32.03334	36.95201	34.57673	33.32267	35.7958372044342	34.06788	34.46095	32.88719	35.109428672018	33.89612	35.97182	36.80699	34.78013	34.32707	33.88585	34.09053	35.52724	33.75095	33.76673	32.59862	33.80149	33.66126	36.81061	33.55475	31.61722	36.925	34.13162	34.32733	33.51168	35.47261	34.61505	32.93387	34.7152	33.72779	36.09829
"hsa-miR-101-3p"	29.60226	28.61812	28.8501	27.57351	29.64808	28.7291	28.52323	27.86189	28.16801	28.61038	28.23495	27.67905	28.66858	28.32828	28.43279	28.814	28.99084	30.70428	29.30467	29.71766	28.94034	28.94286	29.33544	29.55131	28.29827	27.43023	29.30718	28.27613	29.30584	26.22123	28.05091	28.32895	28.62887	30.18589	28.58765	29.59726	26.31416	28.50933	29.91253	27.73874	29.19937	29.65338	29.56348	27.96386	27.59728	29.32639	27.89331	29.00036
"hsa-miR-103a-2-5p"	36.96526	35.08126	35.54611	35.21586	35.66346	36.70028	35.16128	34.15078	34.44566	34.93871	34.95464	34.61143	35.64308	34.71105	35.58723	35.25092	35.92776	36.93508	36.27583	35.83125	35.04931	35.72171	35.57883	36.42571	35.29445	34.5962	35.78875	34.77873	36.19362	33.66152	36.90419	34.75969	36.40185	37.13054	36.0111100664358	37.21674	33.8428	35.071	37.03092	34.50319	35.21256	36.05968	36.56085	35.01391	34.4909	35.11328	34.94408	35.57589
"hsa-miR-103a-3p"	28.73257	27.56422	27.86051	27.60312	29.0101	27.56962	27.81772	27.49608	26.70697	28.1746	27.79129	27.51088	27.94397	27.27291	28.86579	27.27443	28.33127	28.91434	27.78795	27.70592	27.50726	27.9961	27.73502	28.03644	27.89584	26.89878	28.13038	26.73634	28.5597	25.58826	28.48698	26.66538	27.21248	28.51616	27.88532	28.4666	26.717	27.28609	29.2721	26.63418	28.10414	28.03127	28.03594	27.81499	27.52476	27.64139	26.5266	27.7186
"hsa-miR-106a-5p"	29.15869	27.85368	27.98148	27.42806	28.96349	27.5809	28.14443	27.41779	26.99664	27.85227	27.7423	26.88782	28.02379	27.52993	28.98301	27.78091	28.12704	29.32673	28.41215	28.42254	28.03628	28.4266	28.1822	28.85167	27.9939	26.7051	28.12428	27.29214	28.67039	25.71968	28.00048	27.23095	27.89441	28.86036	28.31872	28.80616	26.23238	27.79924	29.67712	26.65908	28.45924	28.47618	28.70501	27.53985	27.13321	28.29218	26.94576	27.90022
"hsa-miR-106b-3p"	34.82598	34.3321	34.45281	34.42972	34.31148	34.77003	34.62242	34.79651	33.50278	35.03743	36.6115	34.51691	34.59059	33.71997	35.51956	33.86314	34.48258	34.87494	35.45943	34.67739	33.24601	35.06548	35.63337	34.58832	35.62952	34.4948	34.75328	33.51915	35.70029	34.6147	36.54087	36.04334	35.73079	35.10683	35.26261	34.97382	34.74916	34.2205	36.4648	34.86756	39.11398	35.56123	35.73415	34.69272	34.29548	36.26989	34.10461	34.75096
"hsa-miR-106b-5p"	34.1065	32.28731	32.53436	31.54524	33.43324	32.28286	32.56367	31.98824	31.01068	32.16304	31.86445	31.34293	32.50149	32.00691	32.96529	32.14764	32.80061	34.54391	32.76277	33.03154	32.67832	32.62988	33.13057	33.63893	32.18317	30.91609	32.73138	31.98227	32.8706	29.57664	32.18281	31.60077	32.54914	33.52813	32.53742	33.4874	30.33914	32.26111	34.08078	31.19446	32.54015	32.98235	33.26464	31.88	31.42254	32.66693	31.34468	32.83854
"hsa-miR-107"	29.58391	28.34025	28.71592	28.09035	29.66206	28.23429	28.6388	28.02865	27.44167	28.86596	28.28091	27.9738	28.52252	27.98948	29.50204	28.2147	28.82602	29.63526	28.8375	28.61031	28.1082	28.78384	28.48744	28.72951	28.45002	27.67675	28.69029	27.51753	29.1434	26.18691	28.95805	27.58283	28.14473	28.91617	28.46092	29.22515	27.21421	28.09583	29.76586	27.20666	28.61519	28.79337	28.88113	28.62772	28.01189	28.42213	27.30546	28.30145
"hsa-miR-10a-5p"	36.63373	35.81916	36.55768	37.17723	36.26368	37.34727	36.26058	36.43002	35.94481	36.44929	37.10097	37.68354	35.88535	35.54036	35.9535	36.69708	37.72171	36.12045	38.77212	36.78612	34.46735	35.71983	35.17222	35.47707	37.78314	35.02825	35.72857	35.26622	36.55088	35.84162	34.44144	35.74244	37.2497	35.86999	38.1909	36.546	34.74029	36.24583	36.15147	35.89959	34.99571	34.84726	36.19176	35.17025	34.60596	36.11898	36.10424	36.96486
"hsa-miR-10b-5p"	34.11665	34.26204	34.6679	35.77077	34.34602	35.79015	34.48284	33.85661	34.85532	35.12554	34.00188	35.22827	34.14897	33.8561	33.34183	35.03546	34.12715	33.92095	35.91004	34.64428	33.98867	34.14281	34.11976	36.21518	36.16153	33.64538	34.85134	33.75761	34.1902	34.94775	33.00336	33.85058	34.20035	34.30819	34.97101	35.64391	33.49196	33.79335	34.06681	34.86821	34.27371	33.77539	35.60268	34.72731	33.42621	33.69481	33.99431	34.54657
"hsa-miR-122-5p"	28.5641	29.00738	27.72954	28.05899	29.13877	27.91517	26.49578	27.54267	29.91179	27.92552	29.48671	28.59398	27.5163	29.17529	26.02876	29.09661	27.58786	27.29465	30.27462	26.94796	28.2412	27.60585	27.78396	30.21556	27.95505	28.13085	28.34939	28.24519	28.55849	27.62164	27.09148	28.05374	29.62954	27.87057	30.19819	29.19295	27.30692	29.9122	26.45686	26.53855	28.06786	26.83299	29.21589	29.17042	27.77072	28.20709	27.70484	29.74839
"hsa-miR-125a-5p"	32.44903	31.6378	31.83144	31.66839	32.68594	31.75464	31.9271	31.47832	30.66251	32.52226	32.63293	32.24842	31.16212	31.2858	32.44572	31.49614	32.5725	31.96142	32.03884	31.44902	31.5984	31.54423	31.88502	32.04243	32.09135	31.32508	32.68372	30.7457	32.28697	31.63481	32.05628	30.52287	31.27887	31.80335	32.81217	32.53875	30.98524	31.17056	32.78014	31.55095	32.55676	31.79396	32.03564	33.31458	30.87818	31.68854	30.92068	32.72745
"hsa-miR-125b-5p"	32.6253	32.52751	32.44635	31.82459	32.9653	32.08219	31.4497	32.22885	32.86739	30.81034	33.10587	31.65787	32.29612	32.78701	31.7204	32.71994	32.01858	32.04605	33.17064	31.51722	33.03281	31.96951	32.24317	32.8530558383871	32.22883	31.90078	31.69906	32.58198	31.70438	31.69762	31.0995	31.55525	31.22251	32.09635	33.37987	33.20531	30.83063	32.60158	31.6834	31.1667	32.04042	31.28411	32.89004	32.79395	31.19225	32.14622	31.75997	33.1007
"hsa-miR-126-3p"	27.76538	26.70769	27.09022	26.90314	27.88616	26.76301	26.78578	26.63089	26.65025	26.88969	27.18707	27.23426	27.10285	26.55646	27.95287	26.7291	27.33216	27.721	27.20029	26.86454	26.14328	26.92084	27.24156	27.4646	27.45838	26.61085	27.55933	26.02144	27.27567	26.08187	27.21345	26.07636	26.96651	27.16209	27.67716	27.72622	26.21498	26.44111	28.44507	25.9965	27.57004	27.11477	27.24163	27.87784	26.47317	26.89797	26.46827	27.20963
"hsa-miR-127-3p"	34.92812	33.44885	35.6736	34.8771	40	34.13185	33.67197	34.75131	32.5078	36.46193	35.51703	33.74155	34.93035	33.90147	36.64117	34.47045	40	35.06252	34.504	34.81863	34.49549	36.46882	36.50309	34.21948	35.26357	34.0244	40	33.86056	33.93683	34.81085	34.90484	35.52007	32.9823	35.67902	33.74176	33.72657	34.55228	34.52153	36.53543	40	36.72213	34.42513	34.44722	40	40	34.52731	34.32123	34.46761
"hsa-miR-128-3p"	34.04138	32.64448	33.93971	32.99029	34.53769	32.69102	32.56014	32.70346	31.59148	33.69318	32.82739	32.55217	32.80085	32.54977	33.45717	33.09141	33.77404	33.48415	33.43717	32.95651	32.87812	33.33689	33.60284	33.70005	33.54481	32.34503	33.60433	32.21666	33.13307	32.57219	33.27081	32.97592	32.78557	33.5999	33.57809	34.23925	31.82255	32.58042	34.86225	31.94402	34.17256	33.97236	33.53556	32.83181	33.15907	32.98636	32.45095	33.36493
"hsa-miR-130a-3p"	32.4559	31.89687	32.33791	31.64976	33.86205	31.91433	32.03508	32.21769	30.92646	32.24599	32.0531	30.4889	32.51094	31.6457	32.95578	31.74181	33.46316	33.16464	32.69329	31.92215	31.51427	32.13372	32.5274	31.79108	32.26419	31.43995	32.75713	31.0613	32.70778	30.69869	32.58654	31.5668	31.77736	33.4205	32.53349	32.15763	31.64287	31.74551	33.79387	30.47681	33.12975	32.66853	34.03594	32.52386	31.43814	32.22048	31.65752	31.32329
"hsa-miR-133a-3p"	35.98122	33.65159	33.16802	34.31475	34.49167	33.98949	34.06777	34.02514	32.91514	33.52342	33.79334	34.1499953082435	33.8523	31.80792	34.3539911061496	35.28039	32.76314	34.24281	34.69945	33.63711	32.90018	35.12199	34.49319	34.73572	34.80114	33.67764	33.31342	32.47598	34.58957	33.8677	34.49129	33.49832	32.92227	33.59751	33.47046	35.24508	33.71287	32.34061	35.09215	33.23448	33.74002	34.55239	32.95536	36.13747	33.7436	34.28012	32.78953	34.64771
"hsa-miR-133b"	35.2474920513167	34.36574	32.67148	34.70097	33.78617	34.33975	34.63658	35.76518	33.22413	33.46862	33.50806	34.5674074940191	33.67148	32.19279	35.94224	34.44114	33.91955	35.80124	34.28699	35.34993	32.62149	34.09421	35.4772	35.1107719918125	34.9236292691134	34.55966	33.69627	32.85401	35.83547	33.27396	35.30315	33.84675	32.44296	34.1696	33.82321	35.53379	33.1722	32.53168	35.81359	34.25	33.8886	35.52385	33.64294	35.29384	34.02041	34.08434	33.32345	35.14566
"hsa-miR-136-5p"	33.8246	32.55532	34.58217	32.43571	33.81816	33.28394	32.25897	33.96855	30.98382	35.57216	34.28335	32.73323	33.90012	33.19583	35.11359	33.99022	35.05729	34.64524	33.22526	36.04031	33.18806	32.8155	35.19233	33.17819	36.20289	32.81312	35.6157	31.31717	34.16825	32.72486	33.69867	32.45999	31.46099	34.6374095179832	33.67244	32.63552	32.81788	32.31326	34.89176	32.98889	35.74057	33.57264	32.31252	34.3438524350942	33.79623	33.58379	33.97925	34.02415
"hsa-miR-139-5p"	33.92825	32.64831	33.18349	32.84052	33.60099	32.32169	32.62842	32.6789	32.79826	32.77166	33.21854	33.71813	32.08342	33.03619	34.03121	31.97506	33.12925	32.93308	33.10585	32.9823	31.65249	32.65599	32.25007	32.60024	33.07942	32.15633	33.35373	32.13485	33.22904	32.27493	33.46277	31.93062	32.64471	32.81772	33.29305	33.61219	32.71052	32.32935	33.58807	32.05499	33.30155	32.8392	32.4687	34.12102	32.21343	32.30711	32.17797	32.23907
"hsa-miR-140-3p"	30.68361	29.53083	29.82337	29.11366	30.2561	29.30278	29.32715	29.31485	28.93218	29.13267	29.05628	28.77971	30.02983	29.64846	29.87222	29.94627	29.77327	31.42993	29.93384	29.97194	29.48841	29.61622	30.33262	30.25552	29.77009	29.0385	30.52579	29.42849	30.26462	27.76672	29.59062	29.51806	29.87382	30.69879	29.31402	30.82587	27.64737	29.96178	30.66006	28.46898	30.09236	30.68293	30.60939	29.32653	28.45669	30.55633	28.76161	29.59781
"hsa-miR-140-5p"	32.91262	32.01901	32.20139	32.04924	32.43262	31.63085	32.06105	31.54253	30.79537	33.16615	31.2561	32.42841	32.04061	32.02626	33.48783	32.30275	33.6144	33.65663	31.89335	32.42256	31.62382	31.89158	32.42028	32.79379	33.64008	31.97457	32.48776	32.10639	33.18895	31.86205	33.27682	32.2249	31.86034	32.48485	33.42558	33.94021	31.50702	32.10548	33.8823	31.8531	33.27255	34.01276	33.58936	33.06185	31.92637	32.29163	31.81601	33.0014
"hsa-miR-142-3p"	27.6875	26.87978	27.46815	26.59446	28.46344	27.05238	27.3173	26.82884	26.1303	28.02159	27.65029	27.48851	27.32077	26.96554	28.77931	26.60593	28.63995	28.75066	27.3377	27.65624	26.57048	27.27138	27.76862	27.97536	27.7465	26.60917	27.75766	26.00074	27.89639	25.58483	27.76541	25.94394	26.63839	28.26939	27.541	27.57205	27.04634	26.58825	28.65588	26.51735	27.91753	27.57156	27.07502	28.07413	27.08396	26.94054	26.22941	27.52578
"hsa-miR-142-5p"	31.03827	30.22129	30.25563	29.73271	31.29289	30.03735	30.1133	29.7733	29.16176	31.03076	30.6081	31.28605	30.13736	30.32773	31.85265	29.84075	31.43559	32.13255	30.43494	31.21078	29.77578	30.12361	30.63366	31.11893	31.5629	30.10975	30.83068	29.82976	31.32535	29.15413	31.15696	29.73221	30.33849	31.73841	31.48671	31.11073	28.9254	30.66875	32.6824	29.86357	31.29078	31.20923	30.58853	31.63924	30.24626	30.76845	29.29553	31.01831
"hsa-miR-143-3p"	30.96655	29.82799	30.37933	30.46222	30.78292	29.62025	30.07468	30.24412	28.62924	28.59325	29.79201	31.36129	30.27334	30.24548	31.64663	30.37657	30.44442	31.84184	30.07775	30.92836	29.28444	30.17297	30.75769	30.75677	30.45679	30.28593	31.04575	30.58802	30.33425	30.21038	30.44063	30.49783	28.97885	30.63228	31.12527	31.89094	29.9011	30.06038	31.88396	30.47451	30.74992	30.10184	30.3646	31.9071	29.79718	30.02339	29.59714	31.13343
"hsa-miR-144-3p"	27.73588	27.1059	26.57932	24.6961	27.74668	27.55978	26.86483	25.89722	25.62846	26.74767	27.02626	25.62907	27.42627	26.97297	26.98149	26.54338	26.68856	30.23721	27.65333	28.07573	27.07645	27.33993	28.17602	27.72204	25.81854	24.88592	26.48693	25.96917	27.12489	22.94804	26.2152	25.49226	26.05923	28.2983	26.88345	27.32926	24.46705	26.94244	27.95833	26.01454	26.70557	26.91448	26.99248	25.58296	25.73622	26.89612	25.59537	27.10922
"hsa-miR-144-5p"	32.91824	32.3277	32.06257	32.93304	32.62667	33.61887	31.79645	31.77082	30.56767	32.46207	32.71398	31.80177	32.81909	32.71792	32.91045	31.50128	32.85501	35.33101	31.61109	32.09393	31.93856	32.4506	32.63624	33.05716	32.28402	32.01332	31.77645	31.50313	32.87707	29.97035	32.3434	30.68967	31.55063	32.26915	32.62628	32.66324	32.67955	31.74141	34.05089	31.82273	32.44758	32.25176	32.98378	32.55292	32.06453	32.9123	31.12463	32.33369
"hsa-miR-145-5p"	32.08778	30.68232	31.25406	30.83954	31.98823	30.9504	30.88569	31.18926	30.07278	29.95177	31.26843	32.29861	31.69523	31.07804	32.55473	30.73366	31.02489	32.44353	31.5406	31.28262	30.32746	30.82823	31.48627	31.69412	32.23657	30.73487	31.58828	31.09245	31.24458	31.21575	31.41905	30.62652	30.13393	31.67269	31.48901	32.6879	31.24153	31.23173	32.28645	30.78967	31.28784	31.03432	31.26779	31.92707	30.87694	30.76955	30.33653	31.74517
"hsa-miR-146a-5p"	31.92246	31.70942	31.85712	31.93932	32.88465	31.17672	31.23735	31.47833	31.22213	32.34125	31.69638	31.55071	31.85692	31.67113	31.24949	31.0389	31.72881	32.19774	32.15271	31.56664	30.69106	31.61891	31.55658	31.79911	32.80903	31.69989	32.24904	30.62511	32.22254	31.01802	32.48275	30.94857	31.9574	32.20517	31.79383	32.30771	31.3016	31.00415	32.30453	30.58085	32.1746	32.12788	32.25466	32.86689	31.07351	31.44527	30.95524	31.79258
"hsa-miR-148a-3p"	30.68802	29.73822	30.54109	29.87775	30.63504	29.87025	29.29685	29.63294	29.37527	30.73046	29.852	29.93762	29.95658	29.95198	29.76801	30.68931	30.47377	31.03147	30.71808	30.10585	29.92072	30.18655	30.58578	30.86633	30.99438	29.97199	30.91991	30.02248	30.97795	29.66483	30.19686	30.30836	30.24915	30.94469	30.92847	31.27243	28.97953	29.96416	29.85401	29.53118	30.8792	30.75883	31.18791	30.89174	30.15574	30.77027	29.69499	31.06671
"hsa-miR-148b-3p"	31.46194	30.24798	30.68714	30.45414	31.35461	30.22526	30.57603	30.1225	29.82076	30.86931	30.49517	30.00905	30.61349	30.12641	31.15268	30.16103	31.59959	31.71371	31.09845	30.73032	30.01343	30.42882	30.80639	31.22898	30.86781	29.9134	31.0997	29.82297	31.45938	29.23111	30.70089	29.71686	30.32416	31.44756	30.72763	31.18213	29.1447	30.01458	31.84207	29.46585	31.50037	31.65249	31.22077	30.64695	29.93521	30.66656	29.71324	31.21251
"hsa-miR-150-5p"	30.33189	29.15509	29.47355	29.21137	29.9711	28.80908	29.13889	29.59142	29.93954	29.6701	29.87941	29.67612	29.63307	30.07652	29.71118	29.57261	29.87692	29.99341	29.79029	29.28379	29.28846	29.84245	29.20532	30.28501	29.65967	28.33979	29.26354	28.8299	29.04853	28.81795	28.92049	28.94605	29.77186	29.88115	29.9857	30.71645	28.65204	30.08575	31.08327	28.22692	29.94931	29.5522	30.23488	29.97766	29.13751	29.7646	28.80415	30.82403
"hsa-miR-151a-3p"	32.43292	31.72747	32.24224	31.73567	33.52416	32.44244	31.8141	31.66017	31.5697	31.97614	31.50168	31.74811	32.05844	31.6386	32.19033	31.34354	32.8635	33.22718	32.54502	31.91029	31.0913	31.4473	31.84017	31.92593	32.70275	31.77788	33.19785	31.16232	32.6689	31.30348	33.44955	31.05298	31.65943	32.02218	32.05487	32.09981	31.00602	31.3486	32.44586	30.70227	32.34788	31.94273	32.22583	32.44913	31.17357	31.72742	31.00736	31.81855
"hsa-miR-151a-5p"	31.76068	30.85826	31.56062	31.42482	32.66998	30.7221	31.01875	30.71994	30.57695	31.43098	31.33273	30.94993	31.13467	30.62845	32.70909	30.49026	31.88111	31.7883	31.21849	30.84597	30.65887	30.76875	30.67447	31.13747	31.90026	30.61299	31.86981	29.85651	31.62553	30.42988	31.99016	29.98237	31.01176	31.20233	31.33111	31.44636	30.66392	30.52762	32.46216	29.69109	31.88083	31.09454	31.1618	31.85361	30.90747	30.76591	30.11817	30.8831
"hsa-miR-152-3p"	34.17082	33.31486	32.46883	32.95819	33.63469	32.67199	32.55891	32.00175	32.46424	33.61462	33.04013	32.35142	33.27361	33.1086	33.31204	33.15739	32.82261	33.96328	34.30526	32.98149	32.59201	32.67804	33.5467	33.52952	34.59433	32.6206	33.12438	32.45057	33.51535	32.60843	33.06525	32.1288	32.86686	33.48007	33.3418	33.66039	32.42262	33.29146	33.22588	32.32204	33.4663	34.45703	33.65708	33.79616	32.3337	33.18679	32.20639	32.26064
"hsa-miR-154-5p"	40	34.75649	35.94877	34.53065	40	33.43264	33.52723	35.60852	32.81452	36.43339	37.00188	34.18705	34.21845	35.1708	40	36.57453	36.54408	34.6736	34.2246	40	35.54902	35.29914	36.63436	35.11786	40	35.66472	40	33.94697	35.52574	33.30177	34.60561	36.61478	33.64085	35.59065	36.03192	33.87971	33.71321	33.3076	40	35.76748	35.66398	34.6812	36.61267	39.41777	35.52867	40	35.55361	34.01651
"hsa-miR-155-5p"	37.13688	35.09243	36.06267	36.47764	36.67844	34.00679	34.03697	34.47681	34.109	34.23086	35.5406	34.66121	35.01101	35.50248	35.95771	35.52235	35.14675	36.1419551457206	34.72725	35.73049	35.92101	35.45995	34.86943	35.07245	34.67503	34.57595	34.97478	33.29775	35.47944	33.91793	34.44135	34.58566	33.64085	35.29992	35.08965	35.66383	34.86403	34.30269	36.52263	34.12642	35.92277	34.792	36.68427	35.9705	34.92104	34.53842	34.62626	34.87155
"hsa-miR-15a-5p"	27.71556	26.35394	26.49704	26.06584	27.24156	26.15787	26.27093	25.91485	25.52826	26.10802	25.91173	25.35052	26.53471	25.84226	26.15723	26.35482	26.34929	27.92596	26.68921	26.64149	26.27788	26.705	26.80516	26.93071	26.24798	25.58785	26.82405	26.04992	27.06227	24.28477	26.21634	25.94286	26.23573	27.08202	26.43659	27.43665	24.48365	26.14964	27.33286	25.07646	26.67488	26.95473	27.23215	25.94789	25.19848	27.02673	25.48835	26.26518
"hsa-miR-15b-3p"	35.50732	33.518	33.31956	32.55725	33.96537	32.69561	32.82309	32.16485	32.25856	33.20259	33.52583	31.98177	34.17121	32.84198	33.80244	33.75568	32.49175	35.13938	34.07393	34.13044	33.58674	34.61346	34.83415	33.90469	33.12608	32.27873	34.78143	32.20646	34.51896	31.69905	33.07427	32.78188	33.50767	34.08532	34.15332	33.94818	31.59715	33.02173	35.34974	31.86958	33.71042	34.1852	34.08823	32.9192	32.17727	34.49039	32.7471	32.97003
"hsa-miR-15b-5p"	29.46232	28.11916	28.89342	28.56839	29.57594	28.00579	28.3081	27.98904	27.28778	28.86397	28.27943	27.92305	28.47481	27.76207	29.30735	28.31395	28.9918	29.70161	28.34172	28.52391	28.20882	28.58045	28.69393	29.0625	28.9443	27.81452	29.11696	27.96709	29.44654	27.02563	28.85205	27.63125	28.2256	29.59729	28.97599	29.71144	27.69646	27.7927	30.22065	27.6584	29.14115	29.07056	29.22961	28.57971	28.07976	29.06714	27.62453	28.71441
"hsa-miR-16-2-3p"	32.97196	31.33532	31.29656	31.21436	31.94894	31.66028	31.88261	30.54972	30.8477	31.79639	31.80526	29.93268	32.13038	31.03962	31.76316	31.87245	31.93722	33.3092	32.54736	31.8722	32.6691	31.92438	33.26926	32.05434	30.98074	30.54528	31.8498	31.58535	32.20748	29.5408	31.25533	31.22103	32.01604	32.57709	31.89061	33.04158	29.21114	31.24386	33.26974	30.41703	32.04599	32.23865	32.74255	30.81755	30.57099	32.54257	31.04137	31.77849
"hsa-miR-16-5p"	26.38882	24.68155	24.9675	24.14142	25.52475	24.33779	24.66598	23.86489	23.88966	24.05154	23.9988	23.03461	24.7941	23.99435	24.68585	24.71196	24.73747	26.32988	25.18249	25.03221	25.00348	25.2181	25.48881	25.77407	24.43809	23.49039	25.12142	24.62539	25.63996	22.44053	24.20909	24.47518	25.10071	25.74878	24.81165	26.11538	22.56477	24.64899	26.65887	23.07802	25.05954	25.16998	25.87514	24.14151	23.08587	25.64409	23.98141	24.63402
"hsa-miR-17-5p"	32.69927	31.56563	32.13666	31.01236	33.12724	31.20389	31.58103	31.2798	30.87511	31.60399	31.56825	30.57261	31.86959	31.33508	33.06558	31.70783	31.98607	32.72527	32.01758	31.92514	31.71936	32.12703	32.07918	33.01834	31.72742	30.46031	31.83681	30.88427	32.20197	29.54067	31.73975	31.10794	31.76416	32.53581	32.09232	32.72795	30.24804	31.79141	33.55594	30.50206	32.48385	31.96668	32.76052	31.50141	31.21841	32.01689	30.62686	31.89623
"hsa-miR-181a-5p"	32.15717	30.48952	31.18994	31.18409	32.34905	30.00525	31.13884	31.1936	29.95091	31.05856	31.00004	31.20183	30.92651	30.48394	32.12372	30.13449	31.51809	31.81815	30.52516	30.87675	30.21689	31.25381	30.48553	31.13589	31.43001	29.83432	31.50935	30.16899	31.47668	28.93231	31.70689	30.20954	30.65734	30.9345	31.23027	31.31795	30.34516	30.20798	32.55111	29.58127	31.54654	31.69928	30.84385	31.6334	30.58677	31.04526	29.74301	30.82262
"hsa-miR-182-5p"	40	35.05495	36.06635	34.8132	40	37.18093	36.72535	33.89779	34.17411	38.14148	35.85416	40	35.80956	35.72747	40	33.73266	37.01517	37.17449	36.28859	34.94686	34.59555	37.04455	35.66318	35.52182	35.77018	32.81631	34.95926	33.67679	35.16515	31.76419	35.46775	33.37324	34.81681	34.96056	35.23714	37.13148	35.10768	40	37.01187	34.79234	35.84022	35.93399	35.8793	37.11334	36.9604	34.6026	34.85276	36.24656
"hsa-miR-185-5p"	29.59707	28.58134	28.70772	28.07379	29.54891	28.69669	28.53209	28.1154	27.66956	28.33123	28.08145	27.46705	28.68708	28.0236	29.18605	28.68524	28.51057	30.22131	29.26421	28.87098	28.71024	29.03192	28.80708	28.92043	28.19623	27.19972	29.17267	28.16518	29.49696	26.61271	28.46117	28.10229	28.49103	29.54249	28.21003	29.68434	26.55874	28.46392	29.91221	27.37335	28.66983	29.11374	29.67998	27.79747	27.25881	29.1352	27.55041	28.08015
"hsa-miR-186-5p"	31.67601	30.91133	30.92483	30.62381	31.73681	30.49874	30.96349	30.19707	29.81711	31.00508	30.71788	30.1622	30.96097	30.30224	31.38526	30.77212	31.8759	32.59405	31.68682	31.2644	30.5121	30.96449	31.16649	31.50475	31.24278	30.45993	31.15905	30.55836	31.61828	29.28201	31.14704	30.35196	30.71828	31.76864	31.31723	31.79269	29.67036	30.44041	31.96003	30.15202	31.06984	31.78285	31.28573	30.77389	30.30806	31.52815	30.01788	30.62048
"hsa-miR-18a-3p"	35.79627	34.29949	34.72662	35.2211	34.80045	34.57604	35.4596	33.11822	33.55455	35.79561	36.00026	33.00119	34.95824	34.13586	35.2969836144818	34.16499	33.8604	37.18086	36.19123	34.53663	35.48819	37.08916	34.9478	35.83037	35.01684	34.20356	34.79436	34.42614	35.33835	32.74725	35.24938	34.00662	34.10608	34.68568	34.82642	35.90177	33.46776	34.52227	34.20426	33.85065	34.85441	34.90152	34.61673	34.92938	34.34698	35.27101	34.16733	34.09437
"hsa-miR-18a-5p"	33.43777	31.96875	32.47128	31.74367	33.72687	32.08885	31.94387	31.5219	31.16911	32.78309	32.01969	31.64445	32.44068	31.49052	33.44659	31.89097	32.79021	33.76228	32.28203	32.50695	32.04348	32.52574	32.27543	33.02832	32.43946	31.10011	32.55719	31.26852	32.64864	30.2372	32.2245	31.58235	31.74966	32.93482	32.08757	33.29904	30.73615	31.94364	33.83805	31.05284	32.71942	33.09508	32.6341	31.882	31.55803	32.81611	31.04961	32.64832
"hsa-miR-18b-5p"	33.42697	31.64879	31.66562	31.32319	32.22798	31.637	31.8824	31.21232	30.7758	32.23081	30.94838	28.06406	31.89567	31.12742	32.81983	31.16169	31.81504	32.88747	31.95795	31.76581	31.61132	31.71572	31.79472	32.53834	31.68133	30.54848	31.99368	30.51935	32.14308	29.52687	31.94278	30.65946	31.22844	32.72901	31.74964	32.13818	29.86817	31.70076	32.82759	30.52034	31.73544	32.28667	31.57657	31.29971	31.20021	32.18893	30.52484	31.84097
"hsa-miR-191-5p"	32.17327	30.35083	31.24321	30.87591	32.26817	30.8247	31.31689	30.74108	29.97998	32.34268	30.94566	28.82577	30.3857	30.79667	32.88197	30.20585	32.35261	31.07126	30.67299	31.3134	30.68797	30.8431	30.23541	31.52313	32.02615	29.60798	30.98046	29.73293	31.55024	29.56654	31.49236	29.97142	30.95476	31.03078	32.07983	31.0732	29.89156	30.5732	32.45182	30.00682	31.41474	30.67653	31.60184	31.20991	30.95211	30.61146	29.83348	31.06354
"hsa-miR-192-5p"	32.20219	30.47175	31.14617	30.62088	32.26936	31.61155	30.47154	30.91832	31.18906	31.30268	32.04553	30.74182	31.0008	30.91498	31.3413	31.51959	30.98476	31.9224	32.29484	31.03648	31.23038	31.01369	32.53894	32.66766	31.5212	29.97803	31.52319	30.74989	31.64305	29.8149	30.73824	30.96284	31.03754	31.31696	32.7405	31.78551	29.78632	31.9463	31.92799	29.83876	32.0858	31.15122	32.3068	31.45873	30.71768	31.82066	30.57612	32.25664
"hsa-miR-193b-3p"	34.45534	34.86592	32.64888	33.2752	35.29602	33.22704	32.84566	33.53241	34.0927	34.2166	40	40	34.10294	34.60377	33.90764	36.23034	33.87459	34.01141	40	32.96685	34.11399	35.52158	34.90104	35.73099	34.94954	33.92684	33.62281	40	34.62999	34.76792	33.32592	34.22758	40	35.67661	40	34.01614	33.42282	35.60926	33.18453	33.12207	34.53877	33.66816	34.68067	35.25489	34.49599	33.95787	33.79834	35.07703
"hsa-miR-194-5p"	34.1147	33.23821	34.0761	33.15228	34.31454	33.78808	32.6283	33.01377	33.32476	33.24926	33.73632	32.91211	33.54741	33.55143	32.35565	33.83694	33.13273	35.19111	34.59306	33.14391	33.53245	33.28785	33.59621	34.55232	33.05639	32.48989	34.47747	33.15243	33.64019	31.21819	33.18133	32.92907	33.57291	33.59587	33.94195	34.21668	31.81351	33.75868	32.60165	32.3636	33.89426	33.26983	35.14855	33.97991	32.58515	33.75766	32.83429	33.89359
"hsa-miR-195-5p"	36.60485	33.46903	34.23585	34.05994	34.92475	34.48321	34.50096	33.30198	33.6795	32.57271	34.3615380052796	33.88511	33.87316	33.64842	34.6653	33.71026	33.49821	34.97002	33.92852	34.22153	34.20832	33.74976	34.03585	35.64883	33.9779	33.16135	33.74406	33.85018	34.8311	34.25376	33.00837	34.25602	33.93557	34.34291	34.9186196907556	35.77268	34.35182	34.47994	34.57754	32.65809	35.62132	33.36708	35.89023	35.7342	34.1908	34.6072	34.32444	34.29112
"hsa-miR-197-3p"	32.22458	30.98487	31.5076	32.29984	32.05245	30.54272	31.95898	31.10561	30.15206	31.87218	30.92815	32.01783	32.01057	31.34599	32.00032	31.47098	31.55515	33.13671	31.57052	31.87016	31.24933	31.26093	31.16947	32.95447	32.78312	31.86464	32.53631	31.12584	32.01984	32.16931	32.95013	31.32841	31.06067	31.88305	31.86527	33.21472	31.53025	30.8465	32.24477	30.90842	32.06984	33.33996	32.35461	33.29633	31.97733	31.85398	30.59169	32.65797
"hsa-miR-1974"	28.66394	28.06524	29.2805	29.54586	30.45268	29.75445	28.84964	28.87389	27.25317	29.6634	28.68605	28.7337	29.48405	28.52318	32.08428	28.50748	30.79933	29.5556	28.78526	28.3394	28.66751	29.20128	28.7325	28.01761	30.88555	28.33975	29.60367	27.61086	29.57929	29.52252	29.99181	28.50345	28.58128	30.06215	29.07558	29.29221	29.48213	28.18116	30.08822	27.06729	30.10687	29.03761	29.80881	30.99499	29.25693	29.51076	29.12254	27.53155
"hsa-miR-199a-3p"	31.96058	30.68195	31.81271	31.42033	32.34436	30.74084	31.3156	30.87365	29.93744	31.98955	30.69622	31.24355	31.56705	30.5627	32.17062	30.32295	31.71975	32.18978	31.29987	30.84937	30.51062	31.17383	30.74228	31.72913	32.28392	30.75114	31.8206	30.01858	31.96273	31.0254	31.90068	30.19737	30.86428	31.70391	31.55359	31.72968	31.25489	30.07875	32.67305	29.81764	31.63964	31.59944	31.633	32.62665	31.27158	31.30748	30.18602	31.50508
"hsa-miR-199a-5p"	31.08307	30.62161	30.3412	30.72502	32.02181	30.76683	30.6671	30.64471	29.61773	31.48908	30.93732	31.05368	31.03669	30.17879	33.07606	29.82536	31.32261	31.95999	30.88893	31.06165	30.07227	31.08164	30.80131	30.86159	32.10557	30.19092	31.2593	29.62703	31.31564	30.16573	32.24281	29.32955	30.60141	31.94186	31.07834	30.9947	30.52641	29.64093	32.11572	29.33678	31.5866	31.58868	30.89708	31.845	31.0545	31.03593	29.78685	30.96786
"hsa-miR-19a-3p"	31.57999	30.65682	30.81668	30.00566	31.25534	30.83496	30.52942	29.81469	29.91494	30.71299	30.53907	29.55215	31.09122	30.52113	31.02678	30.70866	30.91335	32.28308	31.28574	31.28639	30.66296	30.87016	31.54663	31.51045	30.55831	29.45489	30.90482	30.2424	31.6096	28.59611	30.52986	30.01337	30.75408	31.96162	30.6689	31.8965	28.67278	30.55817	32.32647	29.68837	30.88207	31.43877	31.69914	30.06265	29.54443	31.42544	29.95342	30.80645
"hsa-miR-19b-3p"	26.96306	25.86209	25.8179	25.44408	26.76716	25.9188	25.85333	25.15148	25.23029	25.69872	25.8173	25.00068	26.20893	25.74811	26.15876	26.07242	26.06937	27.90487	26.68209	26.46114	25.97641	26.14155	26.5453	26.48815	25.87374	24.91093	26.53065	25.69057	26.62363	23.84183	25.84953	25.6398	25.97647	27.22433	25.98222	27.12654	23.93273	25.89854	27.25269	24.83013	26.56468	26.80458	26.6798	25.48897	24.83062	26.60893	25.14287	25.8757
"hsa-miR-200c-3p"	36.81657	34.99977	35.75817	35.09891	40	34.32993	40	35.89365	33.71329	40	36.72947	34.95005	36.05669	34.97015	36.29176	35.31721	35.19333	37.9615	40	36.12415	35.94632	37.35959	35.53479	37.0222	35.51829	35.52048	37.25496	34.74804	35.86761	36.00087	35.62698	36.7889	35.66584	36.99636	37.68368	35.50376	35.55885	35.61457	37.04411	34.53959	37.08855	36.79733	36.50617	40	35.61633	35.90752	35.06593	35.93476
"hsa-miR-205-5p"	36.28221	33.62177	33.89822	35.10226	34.09322	33.53194	32.98053	32.88702	32.15983	34.44262	33.59522	33.07021	34.23227	33.29968	32.08041	34.2605	33.21301	33.64302	34.73969	32.82545	33.29467	32.57159	33.92457	33.56713	34.13295	35.34346	33.12671	32.68673	33.84309	34.21839	32.51032	33.21058	33.89927	33.84522	33.76444	35.74669	35.10109	32.76707	33.21712	33.82082	33.63115	33.26499	34.43617	34.33375	34.31076	32.56172	33.72108	32.98808
"hsa-miR-20a-3p"	34.95739	33.80905	33.94486	35.58913	35.88	34.71886	36.65576	36.24214	34.76933	36.81294	35.30676	34.60092	35.10533	35.77157	36.80832	35.74618	40	37.04409	34.68917	35.71218	35.09105	40	35.78325	34.83194	36.77218	34.88628	35.67769	33.27269	40	33.04546	40	35.20963	34.68743	35.838	35.62953	40	33.96278	34.23052	40	35.43686	36.75551	34.60622	36.48901	36.59893	35.77198	35.76874	35.05147	34.34777
"hsa-miR-20a-5p"	28.5783	26.87645	27.01126	26.23615	28.03521	26.82393	26.94533	26.56428	26.16591	26.82303	26.81089	25.87056	27.25679	26.61914	27.69357	26.87482	27.27762	28.65583	27.68015	27.21966	27.0365	27.34057	27.43973	28.16983	26.90231	25.84037	27.24362	26.59377	27.54301	24.78867	27.03162	26.42623	27.25618	27.67357	27.49639	28.00937	25.16775	26.95567	28.58732	25.65375	27.2887	27.5581	27.7012	26.68131	25.97433	27.51285	26.08785	27.11921
"hsa-miR-20b-5p"	35.0414529260924	34.28706	33.86223	32.88632	35.0285	33.71174	34.23774	33.1381	32.85027	33.89904	33.54464	32.90033	33.8268	33.58657	34.70351	33.78241	34.32357	35.45335	35.70568	35.24571	34.0793	33.82257	34.98635	34.80692	33.11298	32.41993	33.84995	33.70227	35.2527	31.63631	33.54618	34.74671	34.12565	34.47278	33.91538	37.22667	31.91328	35.42875	36.05519	32.9362	33.9829	35.48904	35.65116	33.81516	33.49055	34.1762	33.55009	33.33896
"hsa-miR-21-5p"	27.00511	26.52749	26.64276	26.52141	27.43565	26.58782	26.16016	26.44817	26.27791	26.79298	26.58432	26.08816	26.6613	26.66017	25.19292	26.50794	26.91556	27.63295	27.34112	26.73564	26.23182	26.76358	27.02431	27.16592	27.02017	26.21261	26.89526	25.91014	27.05095	25.51208	26.69893	26.29653	27.00036	27.03371	27.0541	27.06732	25.57648	26.50618	26.27884	25.85188	26.96645	26.78721	27.21677	26.74375	26.05372	26.75064	25.99134	26.92013
"hsa-miR-210-3p"	33.88961	33.07704	32.54225	32.45759	40	33.13342	32.16428	32.30293	32.50981	32.6394	33.28935	32.09381	32.69331	40	32.64403	32.78641	32.60377	33.95855	34.05118	32.68003	32.11703	32.91062	40	32.57391	32.66871	31.86006	33.54759	31.73884	32.917	40	32.47061	32.55277	32.79174	33.15025	40	34.06823	30.78722	32.96114	32.07558	31.52873	32.91997	33.63327	40	32.07536	31.61744	40	31.89969	32.72843
"hsa-miR-2110"	35.95959	34.71104	35.0659	34.10246	34.77024	34.34532	34.97664	34.80011	33.57053	35.6991	40	34.21502	36.02684	34.98547	35.2156	34.90702	40	40	35.1407	34.33677	34.14791	40	35.30393	34.92533	34.48214	40	40	40	36.96564	34.19051	35.07961	35.64498	35.56569	35.28872	35.33897	36.06916	35.28385	34.74843	40	40	35.11173	34.2227	34.70095	33.59802	34.87267	40	35.0643	34.85406
"hsa-miR-215-5p"	34.51077	32.08763	33.08424	32.51668	34.58757	33.05724	31.90812	32.52685	32.77342	32.86697	33.65244	32.34023	33.08322	32.51811	33.34579	33.05304	33.00306	34.75435	34.28056	32.83172	33.13875	32.57033	33.68366	35.46043	33.09059	32.18513	33.81145	32.64988	33.2771	31.58464	32.51606	33.12385	32.71356	33.72747	33.76751	33.89173	31.81157	33.0944235717263	33.73306	31.51789	33.80156	33.1768	34.49587	33.49885	32.55135	33.87931	32.42933	34.65257
"hsa-miR-22-3p"	30.76459	30.26415	30.07877	29.83766	31.0338	30.07562	29.65199	29.78646	29.7967	30.2044	29.88832	29.06768	30.57441	30.12058	28.95971	30.28052	29.85588	31.6482	31.06452	30.05949	29.65538	30.47937	30.58485	30.24166	30.6827	29.96092	30.98008	29.50522	30.97557	28.59128	30.67906	29.93543	30.35689	31.03592	30.1028	31.1641	28.46322	29.93686	29.14554	29.02151	30.47469	30.9593	30.90074	30.14584	28.90972	30.89648	29.27888	30.13736
"hsa-miR-22-5p"	32.20133	31.83673	31.9932	32.57003	33.19026	31.43104	31.83821	31.54739	31.27852	32.62622	32.02366	31.17562	32.441	31.35212	30.9852	31.4581	32.10862	33.23914	32.92276	32.60539	30.91507	32.01484	32.13576	32.33454	31.93581	31.6464	31.56438	30.97255	32.60615	30.75513	32.61859	31.49042	31.66578	32.50471	31.97225	32.9264	30.86776	31.35366	31.33418	30.94847	33.00679	32.9923	32.6212	32.43143	31.5473	32.58951	30.90044	32.18073
"hsa-miR-221-3p"	29.15669	28.73372	28.95015	29.24699	29.61711	28.41679	28.88672	28.68286	28.11386	29.32431	28.66054	28.58421	28.92017	28.4705	29.73251	28.68407	29.09712	29.32614	29.10317	29.08114	28.23637	28.97182	28.82308	28.7103	29.85096	28.75479	29.07059	28.19776	29.50239	28.61736	29.57507	28.31155	28.65068	29.43726	29.33606	29.45665	28.52674	28.43538	29.1627	28.21822	29.49643	29.30493	29.03406	29.90933	28.83148	29.17259	28.24072	28.61178
"hsa-miR-222-3p"	30.62484	30.08628	30.45826	30.16316	30.65113	29.83072	30.14797	29.93772	29.56647	29.77611	29.78923	29.83214	30.46488	30.31647	29.49359	29.9325	30.24136	30.89315	30.67895	30.20177	29.67253	29.86049	30.2893	30.22734	30.33283	30.18241	30.47347	29.68109	30.46216	29.27973	30.1487	30.05882	29.92637	30.45707	30.22516	30.91036	29.06954	29.87687	29.52507	29.19411	30.70948	30.13017	30.79441	30.49073	29.51467	30.64008	29.77628	29.83665
"hsa-miR-223-3p"	24.86876	23.14112	24.12633	24.23606	24.5423	22.97172	24.0097	23.34256	22.16977	24.91591	23.3231	24.85706	23.55761	23.54246	25.4857	23.70416	24.82596	25.73682	23.4482	24.27656	23.42387	23.52264	24.26282	24.97681	25.80537	24.50602	24.82323	23.85291	24.85554	24.2291	25.69845	24.03057	23.55866	24.98497	25.07309	25.55551	23.50913	23.53581	26.81839	23.88947	25.10046	25.68766	24.5328	25.7305	24.58066	24.71882	23.12342	25.43454
"hsa-miR-223-5p"	33.26545	32.53768	34.2196	33.17147	34.13236	32.62861	33.43146	32.53578	32.10615	34.48854	33.85272	33.71175	32.6526	32.89106	33.10098	32.68627	34.04288	34.60536	33.00796	33.23582	33.46608	33.15843	32.64536	33.78336	35.6384	33.75594	33.89176	33.10645	33.79989	33.66617	35.52207	36.01764	33.7848	33.27872	34.41667	34.13135	33.14535	33.64774	34.20695	34.07163	33.80948	35.02386	35.06437	34.33895	33.33031	33.79692	33.06391	35.33997
"hsa-miR-23a-3p"	28.41938	27.13607	27.70175	27.94395	28.25761	27.14973	27.62541	27.2929	26.73237	28.10438	27.47863	27.99785	27.62083	27.48587	27.98107	27.33622	27.86713	28.46564	27.85962	27.67053	27.11517	27.69298	27.6443	28.11293	28.82079	27.65782	28.23308	27.17517	28.14188	27.69654	28.59752	27.49822	27.7389	27.99671	28.2372	28.69489	27.23046	27.19648	28.68823	27.03514	28.42451	28.17753	28.18256	28.79052	27.79833	27.93238	27.00698	28.29337
"hsa-miR-23b-3p"	30.55578	29.24486	30.12834	29.96424	30.69374	29.43564	29.82446	29.8308	29.015	30.14399	29.85312	30.49768	30.09482	29.51139	30.59274	29.72739	30.26983	30.77345	30.14015	29.80445	29.4365	29.94465	29.92551	30.41632	30.93811	29.74953	30.55313	29.04011	30.61394	29.78153	30.49477	29.28293	29.64508	30.5548	30.32849	30.70376	29.82439	29.48224	31.6903	29.02703	30.80677	30.56058	30.16346	31.27518	29.80829	30.15561	29.11359	30.43614
"hsa-miR-24-3p"	28.02212	26.83469	27.69622	27.69667	28.18951	26.73125	27.53406	27.10077	26.31079	27.93179	27.24875	27.88043	27.2761	27.27319	28.48714	27.21831	27.91268	28.09017	27.55255	27.59019	26.78758	27.31219	27.13517	27.71874	28.49651	27.27281	28.03524	26.91627	27.98273	27.24768	28.33556	27.17204	27.27108	27.83941	28.03727	28.19876	26.86501	27.16493	28.64784	26.82204	28.50108	28.03416	27.81156	28.46272	27.50773	27.79721	26.79194	27.78412
"hsa-miR-25-3p"	30.98365	29.68607	29.84444	29.32943	30.17751	29.50819	29.53243	28.93845	28.94548	29.12124	29.00279	28.45852	29.80489	29.28007	29.61179	29.80552	29.71986	31.22376	30.41909	29.76709	29.79657	30.09015	30.06069	30.1075	29.73663	28.74036	30.48365	29.61792	30.58904	27.49882	29.55647	29.67895	29.72219	30.75283	29.50963	31.05868	27.12427	29.69667	30.88688	28.28914	30.0917	30.32298	30.75675	28.8122	28.09743	30.59866	28.71318	29.63946
"hsa-miR-26a-5p"	29.74133	28.47102	29.1759	28.72808	29.88241	28.15535	28.87514	28.8451988327416	27.44803	29.31814	29.05644	28.65218	28.52239	27.92527	30.6691	28.35461	29.7056	29.32636	28.4684	28.46911	28.35963	28.82783	28.94104	29.53925	29.44537	27.84674	29.25198	27.62631	29.66303	27.57187	29.5106	27.61539	28.60487	29.21959	29.68976	29.65984	28.46219	28.03471	30.6349	27.51019	29.33293	28.59434	29.15266	29.88711	28.90202	28.62718	27.8203	28.9768
"hsa-miR-26b-5p"	31.64236	29.94076	30.54592	29.64888	31.46503	29.55873	29.90232	29.49865	28.67486	30.81645	29.77338	29.32554	29.67066	29.2576	30.93833	29.78178	30.31894	31.02238	29.90373	30.20504	29.85461	30.01747	30.65552	30.96471	29.92256	29.07231	30.89247	28.969	30.79417	27.91669	30.07561	28.7826	29.89708	31.05321	30.59679	31.09245	28.92972	29.75212	32.45864	29.04056	30.63804	29.84905	30.70821	30.09867	29.63625	30.02158	29.48224	30.83875
"hsa-miR-27a-3p"	28.55472	27.62004	28.30937	27.82636	28.857	27.71962	28.10092	27.85	26.90532	28.59457	27.95617	28.2909	28.18616	27.86833	28.7684	27.66257	28.67471	29.60565	28.50357	28.51662	27.62188	28.08305	28.46064	29.18447	28.96097	27.89215	28.8351163419326	27.33658	28.93713	27.7377	28.61612	27.67008	27.80944	29.1756	28.94188	28.80351	27.77453	27.73694	29.55131	27.55115	28.76767	28.82136	28.47756	29.61686	28.11125	28.66724	27.48673	28.67043
"hsa-miR-27b-3p"	30.43012	29.33229	29.77576	29.31267	30.55209	29.44156	29.08471	29.09948	28.69114	29.75074	29.52846	29.71724	29.66684	29.26233	29.69707	29.45405	29.90745	30.75825	29.9734	29.77881	29.05243	29.61582	29.97121	30.55866	30.25841	29.46548	29.86363	29.02766	30.01488	29.36226	29.86932	29.09305	29.50588	30.06004	30.54049	30.31929	29.1904	29.11336	30.01524	28.82089	30.10287	30.09417	30.16167	30.83976	29.31335	29.82317	29.10719	30.21599
"hsa-miR-28-3p"	34.51196	33.08022	33.78801	34.13182	35.1153	33.17542	33.58774	33.63853	33.45005	33.80603	33.02267	33.7835222669833	33.82465	33.81452	33.93771	33.19513	34.48568	36.58732	33.53119	33.66314	32.78991	33.64473	33.3292	33.73898	34.70295	34.11443	34.17114	33.12308	34.85004	34.71	34.59855	33.46017	33.53455	33.82175	34.4859521593555	34.50836	33.62152	33.49822	34.41233	32.86915	34.28745	34.68841	34.0956	34.84991	32.85351	34.1432	32.82869	34.17564
"hsa-miR-28-5p"	40	33.21183	34.30891	33.72906	40	32.89763	33.03847	32.70301	32.45263	33.90557	33.4911	34.81518	34.1779	33.09621	40	32.71269	34.43346	35.29374	32.95798	32.57065	32.6557	40	33.26351	34.14867	34.25472	33.47404	33.49241	32.63956	40	32.55126	33.7528	32.93776	33.28625	35.78934	33.91829	34.90951	34.03304	32.5939	34.55442	32.10212	33.95027	33.03532	34.41962	34.18977	33.88159	32.99615	32.21525	33.32661
"hsa-miR-297"	40	36.47452	40	40	40	40	32.19671	40	40	40	40	35.49936	40	40	33.823	40	32.81209	40	40	40	40	40	40	33.88828	40	35.72737	40	40	40	40	40	40	40	36.51595	40	40	40	40	40	33.66771	34.90774	36.41989	36.88829	40	40	40	40	40
"hsa-miR-29a-3p"	30.82674	29.78772	30.04645	29.70935	30.46388	29.63029	29.33212	29.60609	29.34318	29.99434	29.88637	29.98569	29.82289	30.23146	29.52601	29.97089	30.19506	31.51849	30.44441	30.50584	29.57052	29.70733	30.32585	30.73503	30.78975	30.01823	30.21002	29.65256	30.10615	29.69837	29.97481	29.91146	29.80962	30.49223	30.25165	30.97469	29.01347	30.06452	30.1775	29.24608	30.44196	30.70134	30.53999	30.71973	29.82262	30.45143	29.05575	30.75193
"hsa-miR-29a-5p"	35.09049	40	34.87738	35.22388	40	35.68443	40	34.45724	34.09013	40	40	40	35.8835	34.23345	40	35.80454	40	40	36.61022	36.41905	35.76013	36.18035	36.98691	40	34.55956	40	35.80082	35.44162	33.7725	36.60712	36.53912	34.01729	40	40	35.60573	37.01467	35.06464	37.16311	36.81703	34.72037	36.84979	40	40	40	35.93148	35.213	34.53944	40
"hsa-miR-29b-2-5p"	40	40	36.58673	36.52297	40	36.48159	40	36.12092	35.6414	36.61349	35.81847	34.59829	36.58094	35.65429	36.09507	36.71858	36.86445	36.65021	40	35.48163	36.52322	35.31387	36.6918	37.00309	40	35.15826	40	36.4979	36.50964	33.4574	36.65667	36.78058	34.84551	40	35.16039	35.6905	33.75583	40	40	40	36.70117	36.5641	40	40	34.85993	40	34.54791	36.67431
"hsa-miR-29b-3p"	33.58302	32.24059	32.43922	31.74556	33.65869	32.94695	32.31186	32.05035	31.75035	32.65935	33.25433	31.93387	32.83252	32.68065	33.53984	32.80065	33.15096	35.16597	33.27841	33.481	32.80903	32.57868	33.4847	33.70898	32.7477	31.56169	32.7685	32.15752	33.0981	30.6038	32.80156	32.1039	32.52635	34.06511	33.08857	33.31508	30.62381	32.5527	34.46876	31.64358	33.42532	33.35366	33.18298	32.52938	31.86859	32.69543	31.70992	33.1647
"hsa-miR-29c-3p"	29.83948	28.87083	28.9075	28.71746	29.76561	29.07236	28.9024	28.78081	28.47687	29.0625	29.023	28.64038	29.14703	29.30659	28.69465	29.24123	29.14508	30.76616	29.75622	29.59841	29.02793	29.10119	29.81486	29.8023	29.61639	28.71765	29.80961	28.89047	29.51326	28.05585	29.09525	28.91659	29.04976	29.95216	29.50252	30.01109	27.69581	29.12897	29.53051	28.34981	29.67408	30.11817	29.77951	29.61283	28.58544	29.51876	28.32589	29.60518
"hsa-miR-301a-3p"	34.0585	34.0239	35.13025	32.74467	35.76673	33.21888	33.65366	33.13157	32.18642	34.66103	32.48223	33.14851	33.35588	33.11091	34.86885	32.53319	34.71586	34.87924	33.23831	34.27283	33.31858	33.14242	33.62507	34.35468	33.90475	32.74637	33.86646	31.94843	35.13386	31.69297	34.28161	32.48312	33.44894	33.71717	33.08483	35.17441	32.83647	32.59175	35.93945	32.15185	34.16865	33.76388	34.16789	34.03225	33.35326	33.7522	32.28972	33.37483
"hsa-miR-30a-5p"	35.59429	34.71021	34.32713	34.31176	34.93922	34.23532	40	34.71102	35.1321	34.05899	34.94565	34.59857	40	34.23965	33.45459	34.82663	40	34.76871	35.90854	40	34.30355	35.54379	40	35.3366	40	40	40	34.63353	34.63231	34.08391	33.96869	40	34.57678	34.33729	35.92357	40	34.09085	35.25156	33.44691	34.26018	35.10208	40	40	35.3446	34.45127	40	40	35.86327
"hsa-miR-30b-5p"	31.28437	29.91848	30.54479	30.07157	31.31878	29.92127	30.0926	29.82719	29.4318	30.99174	30.6795	30.42753	30.75093	29.92298	31.81973	29.71792	30.87485	31.69726	30.13276	30.24484	29.83809	30.29309	30.70205	30.9768	30.66662	29.48659	31.10381	29.24719	30.91617	28.4424	31.18782	29.04973	30.04042	31.05504	30.66157	31.03121	30.00733	29.67103	31.62316	28.95855	30.73692	30.9095	30.51048	30.69321	30.48814	30.08443	29.44468	30.76785
"hsa-miR-30c-5p"	30.77525	29.81015	30.51563	30.47047	31.05408	29.85142	30.0818	30.25818	29.49947	31.10224	30.59416	30.71934	30.4257	29.75621	31.92276	29.76853	31.29329	31.21178	30.05796	30.205	29.74645	30.48086	30.09018	30.90171	31.11109	29.88765	30.50284	29.17959	30.65872	29.49005	30.64267	29.45345	29.80657	30.55994	30.86063	30.83748	30.18326	29.47729	32.03193	29.19703	30.938	30.55561	30.46347	30.8337	30.21388	30.0847	29.58308	30.2455
"hsa-miR-30d-5p"	32.75996	31.97466	32.33364	32.29286	33.20202	31.91968	31.9949	31.71367	31.65218	32.63921	32.10149	31.79936	32.21462	31.69986	32.15997	31.92044	32.69489	33.13414	32.42477	31.73363	31.72653	32.58559	32.29431	32.55639	32.66949	31.81097	32.95816	31.17352	32.70586	31.22186	32.82343	31.52707	32.03176	32.47567	32.58144	32.87404	31.13538	31.7961	32.74649	30.91344	32.46808	32.49507	32.53525	33.1985	31.77988	32.63092	31.25185	32.25993
"hsa-miR-30e-3p"	34.52993	34.01457	33.44188	33.49864	33.77003	33.70049	33.43545	33.2786	32.14019	33.43233	33.52251	33.19117	32.85392	33.2229	34.28747	33.54959	35.17992	35.08865	33.65909	33.5409	33.07492	33.54283	33.60838	34.66177	33.54817	33.04193	34.04238	32.49114	35.5882	32.47865	34.24163	32.80304	33.12905	34.01467	33.48315	34.50137	32.68143	33.61651	34.01249	32.3206	34.54615	33.9747	33.5267	34.29158	33.70192	33.59105	33.47957	34.12979
"hsa-miR-30e-5p"	32.90479	32.11437	32.75162	31.96374	32.80206	31.82956	32.29267	32.31317	32.57771	32.25919	32.19621	31.75468	31.80924	32.34599	32.63997	32.71915	32.96672	34.12991	32.8073	32.32276	32.92119	32.63778	32.50837	32.8444	33.11299	31.83364	32.96922	32.50262	32.83243	31.5585	32.85546	32.29612	32.57613	32.75373	32.9293	33.69334	31.70452	32.42457	33.91728	31.90696	33.60488	33.25667	34.72589	32.30838	31.4649	32.82123	32.01732	32.89879
"hsa-miR-32-5p"	31.85333	30.87207	30.99981	30.02505	31.31829	31.07099	30.63471	30.11482	30.01688	30.79081	30.66451	30.06256	31.06528	30.58548	30.89402	30.25946	31.09203	32.78339	31.44944	31.66294	30.94968	31.16845	31.67873	32.80104	30.97233	30.04638	31.04905	30.03516	31.67906	28.42071	30.18778	30.23061	30.6692	32.0603	31.1678	32.10044	29.08148	30.56998	32.1431	30.19374	31.22942	31.01762	31.53891	30.71958	29.77522	31.64566	30.06801	31.7209
"hsa-miR-320a"	28.61758	27.98853	27.97789	27.85697	28.78234	27.98569	27.82989	27.83167	27.82488	27.85473	27.91507	27.52258	28.56137	27.92107	27.849	28.32046	27.88759	28.76401	28.88172	28.16574	27.9856	28.55926	28.31281	28.29782	28.31073	27.61202	28.65339	27.69365	28.80291	26.75043	28.42953	28.13498	28.44568	28.64363	28.15421	28.92362	26.95622	28.32648	28.08459	27.10381	28.20409	28.58868	28.82368	27.98081	27.32488	28.654	27.62406	28.27637
"hsa-miR-320b"	28.56554	28.17818	27.98982	27.89285	28.94952	28.01116	27.81567	28.07725	27.86674	27.83247	27.84048	27.34363	28.65963	28.05084	27.7577	28.27267	28.01899	28.84338	28.84279	28.12562	28.06357	28.48413	28.35082	28.27546	28.29301	27.57502	28.66241	27.7062	28.79364	26.75747	28.25475	28.12192	28.51447	28.74584	28.14256	28.86272	26.88682	28.1575	28.09911	27.06967	28.3497	28.61221	28.83538	27.98855	27.29407	28.58674	27.77049	28.13909
"hsa-miR-324-3p"	32.71185	32.1097	32.65849	31.52184	33.01107	32.0784103097609	31.78999	31.62816	31.19966	31.45432	31.77012	31.15391	32.27434	31.57242	31.92613	32.01404	32.67778	33.64546	31.78092	32.47947	31.5983	31.9417	32.84832	31.95083	32.22537	31.50713	32.28276	31.59374	32.13993	30.09828	32.33483	31.44547	31.88204	32.46199	32.0322	33.02408	30.13323	31.67862	33.1288	30.89154	32.62684	32.86032	32.534	31.44283	30.85767	32.51638	30.95382	31.97548
"hsa-miR-324-5p"	33.00827	32.9588	33.01552	32.29098	34.67241	31.977	32.78001	32.81976	31.85882	32.61263	32.93867	32.74835	32.88053	32.64542	33.51998	32.56289	33.59138	34.25307	33.27421	32.93985	32.89992	33.30478	32.91501	33.56411	33.00963	32.34411	33.8546	31.95819	33.61864	31.1596	34.45339	32.31672	32.33577	34.45576	33.51812	33.08895	31.51366	32.61029	34.16061	31.74158	33.5069	33.44814	33.51587	33.06084	32.46461	32.81044	31.78039	32.77282
"hsa-miR-326"	32.59863	31.90136	32.63796	32.28562	32.8610242962267	32.121	32.6466	32.03793	30.98366	33.07326	32.16366	31.94216	32.04059	32.47049	32.425952453824	31.61992	32.58136	33.5812	32.13934	32.27593	31.07036	32.10464	32.77722	32.7691818743264	32.52926	31.79737	32.16193	30.86591	33.4126	31.77117	33.01435	31.56613	32.46501	34.16398	32.8916	32.00425	31.08558	31.70742	32.903644357218	30.98178	33.17646	32.47947	32.43903	32.75911	31.54686	32.2061	31.17756	32.88663
"hsa-miR-328-3p"	34.1207	32.50227	32.59334	32.9148851146941	33.0687	32.2518	32.79102	33.09634	31.70616	32.84354	33.06387	33.45955	32.52816	33.15184	33.26071	32.20666	33.47669	33.54694	32.77089	32.32518	32.43344	32.71139	33.47636	33.19636	32.98559	33.04683	33.15591	31.80265	33.60586	32.20234	33.91177	31.814	32.84028	32.95615	32.72587	33.83668	32.00661	32.72497	33.81283	31.60991	34.00087	34.44359	32.58939	32.93845	32.98498	32.79317	31.91319	32.90683
"hsa-miR-331-3p"	34.03011	32.94911	32.78666	32.23519	34.20047	32.66056	32.78928	32.62681	31.94033	33.48555	33.01282	33.59566	32.60757	32.92637	35.60258	32.53083	33.78706	35.33892	33.73764	33.20215	32.20648	33.14628	32.79474	34.67457	33.97037	32.0639	33.23175	31.62997	33.81413	31.19718	34.52113	32.11768	32.08581	33.88413	33.49201	32.98703	32.78473	32.66701	34.69835	32.0867	33.5592	33.42517	33.28388	33.4317	32.55792	32.89425	31.95026	33.43292
"hsa-miR-335-5p"	33.79252	33.44054	33.7845	34.19036	34.52715	33.42401	33.247	33.95547	32.3319	33.75041	33.22487	32.63329	33.02737	32.79078	32.9692	32.84897	33.08414	32.98206	33.09537	33.30196	32.11106	33.00957	32.59593	33.29008	34.24323	32.57461	34.0016	32.90972	33.87336	32.86156	33.68009	33.52911	32.92443	33.00083	34.05743	33.29482	32.76879	32.86307	34.27713	32.57688	34.23586	32.83107	33.88452	33.5554	33.81625	32.99925	32.95735	33.61308
"hsa-miR-338-3p"	32.51065	30.9805	30.94555	31.72518	31.90902	30.71648	31.51114	30.96005	29.72871	32.00049	30.79165	31.94472	31.01252	30.89446	32.71386	31.34688	32.31139	33.00257	30.77361	31.61938	30.54171	30.69035	31.60078	31.35385	33.08118	32.23379	32.3292	31.76416	32.21244	32.48673	33.70946	31.73749	30.86315	32.20676	32.48253	33.09766	30.72555	30.80447	33.53481	31.47484	32.84589	34.00113	31.85786	33.60121	31.53277	31.71134	30.48155	32.35582
"hsa-miR-339-3p"	35.02057	33.46798	33.99282	34.1304	36.26628	33.59643	35.9093	35.75239	33.9849	34.70545	33.74241	34.91533	35.88568	34.06528	35.08691	34.26741	34.903	34.58298	34.77872	35.76505	33.83365	34.90494	34.70196	34.53389	34.49952	33.63721	34.5846	33.58375	34.24738	34.58736	35.00426	33.44151	34.25159	34.02719	34.11341	34.9404	33.13885	33.70859	34.50689	33.79745	35.30002	34.78217	35.16103	34.697	33.79877	34.17698	34.47195	34.65477
"hsa-miR-339-5p"	34.90625	32.93483	33.20847	33.89429	35.73581	33.8104	33.92448	33.83198	33.28019	34.69952	34.07571	34.79333	34.00657	33.48689	39.24985	33.15078	34.52647	35.43577	35.0343805976829	33.78493	33.13163	33.60993	33.74728	33.78245	35.02997	33.01295	34.85453	32.9906	34.31861	32.81862	35.13156	32.35313	33.26149	34.97166	34.25335	34.32432	34.12897	32.99528	34.72662	32.12912	33.92904	34.91304	33.93063	33.72283	34.9478	33.08484	32.87848	33.52363
"hsa-miR-33a-5p"	32.57332	31.67637	32.20326	32.06936	32.91966	32.05233	32.11989	32.11155	31.45776	33.59698	32.70737	32.98449	32.10856	31.99115	32.87857	31.61977	33.59867	33.79677	32.93363	32.53419	31.53698	32.30863	32.75077	32.70538	33.26564	31.8879	32.11623	30.96703	32.9262	31.66638	33.09396	31.59071	31.57624	33.61934	32.74859	32.65628	31.89571	31.69004	33.57728	31.60413	32.96589	33.11926	32.1767	32.94422	32.65286	32.28317	31.49836	32.97716
"hsa-miR-342-3p"	31.52783	30.19925	30.76273	30.6492	31.88788	30.31035	30.11524	30.99425	30.27732	30.57267	30.74403	30.89118	30.91742	31.09969	31.36326	30.75925	31.03829	31.20478	31.43895	30.57726	30.62527	30.79446	30.8652	31.56579	30.96289	30.20471	30.45144	30.10772	30.58729	30.36647	30.63512	30.28845	30.74446	30.964	31.2559	31.7012	30.3525	31.15689	31.83013	29.72865	31.61551	31.10958	31.3316	30.93907	30.61922	31.32151	30.0037	31.79268
"hsa-miR-346"	40	40	36.46012	34.70457	40	37.99078	40	37.02499	36.95084	40	38.78928	37.69883	40	37.69848	38.92123	35.86533	40	40	34.81077	40	38.84209	40	36.42233	40	40	36.19519	40	40	38.44994	40	40	40	40	37.96137	38.18546	38.88339	40	37.45996	37.24578	36.13589	40	39.54398	37.8568	39.17638	37.15896	40	37.15473	38.09593
"hsa-miR-34a-5p"	33.26165	33.46604	32.79588	32.76252	33.43032	32.24591	32.88617	32.71603	33.85616	32.55762	34.6771	33.69176	32.68007	33.80355	31.15594	35.2397	32.16078	33.10153	33.60728	32.51596	32.22921	33.43651	33.07259	34.6702	32.54402	33.44222	33.12376	32.53824	33.7275562761193	31.97946	32.78869	32.86561	32.76078	33.30907	34.20058	32.91881	32.42491	33.18571	31.31575	32.54328	32.33064	32.99341	33.99491	33.60527	33.1715	33.57954	32.82202	33.71418
"hsa-miR-361-3p"	33.67205	33.96855	34.57594	33.76978	34.16974	33.17005	33.14023	34.03152	32.99497	33.59658	33.35955	34.04432	33.45453	33.8401	34.49886	32.76188	34.12364	34.32163	34.74716	33.14814	33.83816	34.06076	33.04499	34.5106965662275	34.46921	32.78767	34.59554	34.01737	34.31178	33.26588	34.7794658149428	33.60728	33.26543	35.77369	35.07326	36.98439	33.00766	37.48553	34.63155	32.31706	34.91533	34.99081	34.46455	33.87189	34.4299098030982	33.67158	32.632	33.61886
"hsa-miR-363-3p"	33.71146	32.83758	33.07935	32.04273	33.77638	32.60613	32.68053	31.8064	31.83046	31.92195	32.51687	31.22557	33.05198	32.27438	32.57945	33.33069	32.69143	34.6134	33.26537	33.04754	33.51192	33.1443	33.97209	32.63893	32.25329	31.24891	32.88687	32.45061	33.28264	30.11083	32.35103	32.26591	32.64118	33.25507	32.66557	34.28057	30.27732	32.71601	34.51955	31.55305	32.66826	32.90827	33.7379	31.88736	31.53491	33.70984	31.72231	32.27259
"hsa-miR-365a-3p"	33.28215	32.11895	32.62395	33.73212	33.98636	31.31513	25.06325	31.99343	31.79501	32.85527	32.79866	32.61453	33.27664	32.97666	31.99477	33.30052	32.20931	33.70055	33.90589	33.05247	32.53757	32.22319	32.60213	35.61929	33.55603	32.50774	33.28298	32.82937	32.80513	32.48177	32.69178	32.25885	32.1495	33.66513	33.5679	33.06745	32.23936	32.96933	34.05349	31.91422	33.27324	32.76851	33.94744	33.9589	32.5839	33.05779	32.06021	33.79552
"hsa-miR-374a-5p"	35.77433	33.57618	33.95857	33.12544	34.77092	33.86287	33.74062	33.0182	31.98943	34.33433	33.83789	33.1544	33.64496	33.50222	35.53559	32.98263	34.04698	36.17218	33.64055	34.41335	33.30238	34.1277	34.84011	35.03486	34.02145	32.72073	34.71865	32.84564	34.86519	30.87398	34.51156	32.60037	33.75788	34.65893	34.41184	34.93586	32.85856	33.19318	35.81025	32.62077	33.75552	33.99267	34.20346	34.53213	33.41413	34.14146	32.42281	34.59265
"hsa-miR-374b-5p"	33.71119	32.16958	33.28083	32.59075	34.0494	33.08594	33.05817	32.55309	31.57991	33.66881	33.1826	32.44016	32.30732	32.55283	34.31271	32.25612	34.13648	33.75111	32.66828	33.20268	32.6413	32.87166	32.76941	34.33844	34.08639	31.87394	34.25551	31.55513	33.33254	31.14415	33.74551	31.79763	32.5367	33.14143	34.05076	33.47943	32.50589	32.04842	35.91046	31.88386	33.541	33.83044	33.42152	33.69409	32.83549	32.91918	32.01341	33.52692
"hsa-miR-375"	33.19169	34.15737	33.54791	33.67101	34.0659	33.31986	32.73385	34.62994	34.09553	35.7113	33.34675	34.86867	33.68806	33.21985	32.51608	34.09092	35.47864	32.66222	34.86225	34.20074	34.93807	33.51534	33.42901	34.244	35.50597	33.7249	33.99494	33.01975	33.53195	34.51111	35.98279	34.08981	32.72434	35.63335	33.60888	34.6138	33.28724	31.93174	32.2405	33.22138	36.79503	32.44467	34.48575	34.45554	34.45382	34.15031	32.26941	34.07731
"hsa-miR-376a-3p"	33.99523	32.95133	34.87996	33.68605	35.03514	33.35704	33.63085	34.59464	31.73515	35.70391	34.42739	33.20952	33.78642	32.95629	37.24789	33.6307	36.42015	35.59567	33.88279	36.11272	34.8054734077025	34.05993	34.57227	34.0728	35.61152	33.4592	36.04731	32.5704	33.60602	33.03043	34.02628	33.74674	32.805	36.02095	35.61051	34.35895	33.23152	32.46869	36.98199	33.91298	36.56956	34.56818	33.98845	37.1421	35.49385	34.78651	34.75417	34.5574
"hsa-miR-378"	32.56803	31.62687	31.62772	31.86353	32.82686	32.32355	30.80161	32.15598	31.86949	32.07467	31.74526	32.02855	31.68194	31.81453	31.70587	32.02916	31.94006	32.93822	32.50852	31.67854	31.55095	32.18146	32.06904	32.13667	32.62334	31.32468	32.03685	32.1685	31.80549	30.75245	32.09371	32.88326	31.869	31.94336	32.06979	33.17407	30.67729	32.19283	31.8894	30.99051	32.72183	32.43678	32.72823	31.92537	31.09686	32.83169	31.30964	32.73492
"hsa-miR-382-5p"	35.32398	33.66023	35.70132	34.31695	36.7377	33.64686	33.51977	35.66693	32.59395	35.259	34.92466	33.29973	33.54903	33.68269	35.00223	35.87945	35.7042847800942	33.97106	36.58297	36.4241	36.60069	35.0181	34.24967	35.8934839507384	35.63461	33.49964	35.22364	32.72499	36.62118	33.6353	35.58836	34.06086	34.19042	34.28402	34.47265	32.92823	33.31845	33.33101	35.6367	34.856804449538	35.8281356349813	34.25521	35.32563	36.72477	36.46921	35.534	34.24635	36.09291
"hsa-miR-409-3p"	33.56885	33.59665	36.54026	33.44602	35.81162	32.50502	33.34964	36.57532	32.08292	34.2582	34.26372	32.26541	33.28428	33.26175	35.2184499701703	34.04178	35.3647427903809	33.64649	34.31589	34.17274	35.66723	35.98598	36.51679	33.82676	35.2903388464625	33.64168	34.75081	31.97376	35.88628	32.75426	34.99416	34.22392	32.89901	33.63419	34.50574	32.24208	32.95714	32.61003	37.25265	33.13576	35.4289982719388	33.6017	33.54062	36.60814	34.60254	34.44351	34.42878	33.97701
"hsa-miR-421"	36.4711	35.20387	35.57239	37.19449	37.47187	34.96739	34.995	35.79061	34.7341	36.17637	34.015	35.91814	34.92774	35.64377	35.4635	35.22995	34.8457	36.84061	35.73892	35.50209	36.46902	36.55671	35.54474	36.85972	35.7311	34.72871	35.97542	34.66761	36.50935	34.48732	36.17797	36.68948	36.11984	35.82947	35.99486	38.14475	34.72848	34.73633	39.03135	35.30809	35.00109	36.1754	35.93978	36.24306	35.34473	37.11556	34.46161	35.64737
"hsa-miR-423-3p"	31.06229	30.31153	30.59966	30.80323	31.91299	29.86315	30.79992	30.75309	30.09834	31.69522	30.85915	30.87101	30.63836	30.60741	32.12241	30.27321	31.67053	31.7296	30.61967	30.2205	30.68256	30.95872	30.46502	30.79082	31.68081	30.4452	31.13226	29.52913	31.83822	29.94384	31.81278	29.98108	30.48752	31.47688	31.5275	30.98972	30.4243	30.24832	31.82094	29.60085	31.90318	31.21875	31.09926	31.31443	30.90723	30.98527	30.09333	30.97802
"hsa-miR-423-5p"	30.91987	30.03962	30.44453	30.46778	31.15346	30.09707	30.29718	29.88145	29.53463	30.27028	29.92172	29.79703	30.62502	29.99691	29.97271	30.56763	30.57184	31.02804	30.88549	30.36961	30.10569	30.56942	30.51885	30.20454	30.74974	29.90039	30.93528	30.02464	30.8329	29.2513	30.53381	30.12888	30.51459	31.16669	30.75437	31.06687	29.17166	29.88859	30.50102	29.49992	30.75224	30.66716	31.14503	30.09771	29.66456	31.07081	29.64409	30.3225
"hsa-miR-424-5p"	30.09168	29.30957	29.24842	29.01095	29.4925	29.21902	29.60409	29.19686	28.42622	29.50293	28.49713	30.04811	29.14134	28.98424	28.8185	29.6567	29.66828	31.61104	29.49462	29.92277	28.99123	29.29731	29.82542	30.25055	30.30327	30.12522	29.88596	29.09475	29.75717	29.06512	29.87545	30.74513	29.28953	30.26895	29.33315	31.09292	28.30637	28.57781	30.10476	29.6553	30.23592	30.61199	30.10056	29.80208	29.01221	29.78296	28.7836	30.14043
"hsa-miR-425"	30.77485	29.53732	30.15792	29.70617	30.70154	29.58383	29.84575	29.33512	29.07228	29.71172	29.62155	29.27106	29.81262	29.6394	30.10378	29.89985	30.15321	31.20109	30.25433	30.12051	29.60515	30.11552	30.19937	30.33694	30.36011	29.06967	30.46684	29.65858	30.71594	28.02791	30.06148	29.61355	30.02622	30.67669	29.93901	30.92279	28.29432	29.62858	31.33442	28.76305	30.49384	30.61057	30.77781	29.73184	28.78374	30.21407	29.01856	30.07383
"hsa-miR-425-3p"	34.22108	32.32884	34.08536	32.91488	33.815477691719	32.58574	32.95857	33.53517	32.29024	33.69136	32.65694	33.1760328690744	33.25609	32.5822	34.01685	32.58131	33.43638	34.73361	32.8207	33.75596	32.01913	33.43478	33.64325	32.65806	33.47276	32.91959	34.74174	32.86171	33.1942	31.82298	34.72463	32.68364	33.04348	33.49656	33.8178046214881	34.62351	31.95539	32.60315	34.05042	32.66484	33.65393	34.02225	33.26202	33.6236844305317	33.24059	34.51538	32.51638	32.98762
"hsa-miR-451a"	23.11244	21.48189	21.18597	20.46897	22.04256	21.4582	21.27881	20.38642	22.78584	20.31492	20.9698	19.89332	21.7083	21.15532	21.04117	21.51655	21.28819	23.80579	20.08061	21.95722	21.80017	21.89166	22.64084	22.3681	20.72251	19.79983	21.63461	21.09221	22.19951	18.69662	20.7631	20.83946	21.56728	22.48414	21.30945	22.72102	18.73842	21.77515	23.05129	19.52694	21.7401	21.97379	22.09204	20.18333	19.44273	22.28485	20.54638	21.24485
"hsa-miR-484"	31.52782	29.97246	29.98324	29.52078	31.01749	29.75841	29.97903	29.50649	29.04669	30.28648	29.66501	29.05033	30.1001	29.72298	30.6084	29.72708	30.2992	31.59041	30.4844	30.3437	29.95985	30.2384	30.28521	30.59235	29.96634	29.17961	30.37135	29.2893	30.84667	28.04232	30.30843	29.50153	29.75401	31.0729	30.31383	30.85647	28.3348	29.99918	31.03254	28.84019	30.2628	30.92481	30.66212	29.72922	29.11925	30.33486	29.30771	30.16046
"hsa-miR-485-3p"	40	28.98263	40	40	40	40	40	40	40	40	40	40	40	40	40	40	40	40	40	40	40	40	40	40	40	40	40	28.05621	40	40	40	40	40	40	40	40	40	40	40	40	40	40	40	40	40	40	40	40
"hsa-miR-486-5p"	29.92367	28.43183	28.59662	27.60545	29.2657	28.09518	28.30774	27.67247	27.66994	27.71442	27.67606	26.77603	28.32559	27.83485	28.29402	28.8872	28.12337	29.78831	29.43035	28.73508	28.75075	29.22298	28.3098	28.94652	27.87614	26.75835	28.55918	28.02508	29.14749	25.77635	27.69828	28.23082	28.78047	29.08371	28.11776	29.20822	25.66432	28.74674	29.25026	26.89371	28.46367	28.59449	29.55786	26.98525	26.49206	29.17737	27.46504	27.68544
"hsa-miR-495-3p"	34.33776	32.43169	35.2624	33.33308	35.35183	32.47467	32.11993	32.93703	30.7916	34.75526	33.85489	33.42438	33.83084	32.63048	35.4396	32.8314	36.76991	33.57007	33.78784	34.85955	34.33976	33.75936	35.72744	34.5528	35.81506	32.94199	34.54662	32.1219	33.08364	32.82547	32.68757	33.0576	31.83258	34.42897	33.86957	33.31789	34.5087	31.93863	36.6466	32.17075	35.0102038972525	33.80693	33.51497	35.01541	36.06619	35.1741	33.56399	34.17068
"hsa-miR-497-5p"	33.41804	33.33028	32.51571	32.89167	33.48286	34.18748	32.86933	33.31263	33.11941	32.76973	32.90853	33.68454	33.78211	32.98451	32.29205	33.62373	32.2435	34.07425	34.74844	32.69654	32.45256	33.1565	33.76376	33.51471	33.81058	33.77698	33.28214	32.61558	33.24652	32.83147	32.71535	32.71813	33.49882	32.66299	32.89075	34.11999	32.70494	32.9327459157994	31.8829	32.12364	32.70534	32.88964	33.15641	33.73054	32.65795	32.82842	32.63322	33.472
"hsa-miR-500"	40	35.10469	35.79848	35.04206	36.95859	34.47007	39.02966	34.72123	33.92323	40	40	33.57337	34.6898	34.26478	39.50402	34.60658	35.75348	40	35.47022	34.81908	35.0602	34.88084	40	35.64789	34.32874	35.1836	35.22013	34.23717	36.66336	32.04942	35.57329	34.98508	34.61233	35.68125	34.99241	35.2601	33.4597	35.22249	40	34.94706	34.32056	34.65018	35.83961	40	34.52369	40	33.70578	34.93163
"hsa-miR-501-3p"	36.69872	36.17289	34.63637	34.50822	35.15003	35.99801	37.72105	34.87711	35.03632	35.9321218223843	35.18125	34.4167	34.43136	35.57965	34.11143	34.78579	35.88718	36.05074	36.16983	37.22467	33.89405	35.7725	34.97865	36.2196116010319	34.49886	34.50369	35.9261	34.86255	34.13056	34.54958	34.22537	36.69887	36.04435	35.86213	34.77844	34.50769	34.54057	34.42354	36.0724240182175	34.22699	34.82036	35.52597	36.67948	35.28658	34.32672	36.13386	35.8196	35.0515
"hsa-miR-502-3p"	34.51874	33.13445	33.63626	33.53126	34.66776	33.8287393402341	34.01547	33.61273	33.47377	33.62174	33.44954	33.18684	34.4925	33.28893	32.60546	33.91023	33.50195	34.76268	34.70726	33.24347	33.09047	34.54104	33.60543	34.08601	33.3063	33.28991	34.34175	33.69508	33.9935	32.66666	33.64732	33.90868	34.08916	34.73303	34.86371	35.59068	32.52351	32.74408	33.67483	32.5342	34.5006	33.947	35.08087	33.21831	32.91858	33.55138	32.12998	34.44471
"hsa-miR-505-3p"	33.55826	33.73206	33.74786	33.98883	34.44436	33.88628	32.87944	33.56114	32.56523	33.6136	32.97316	34.30316	33.95525	33.86307	32.75621	33.66826	33.72607	34.43289	34.76642	33.17175	32.95596	33.23194	33.59835	33.61915	34.85427	33.79878	34.60366	32.74248	34.18026	32.83699	33.18734	34.27811	33.02005	33.444	33.29472	33.8052	33.26123	33.24651	33.29974	32.90108	34.67828	34.30863	33.74884	33.85183	33.61507	33.45753	32.84492	34.59172
"hsa-miR-532-3p"	34.55141	34.26552	34.02596	32.91829	33.78729	33.64057	33.56426	33.8155	32.60141	34.26367	33.28166	33.28581	34.07156	32.86721	33.19232	33.73442	33.57339	34.5079060597788	34.05557	34.76182	33.6529163306156	34.19425	34.18357	34.4643	33.94461	32.79546	34.57735	33.2288	33.64348	32.09339	34.26474	33.33291	34.31779	34.76381	34.06542	34.21001	32.07965	33.81374	33.10064	33.15303	34.26604	33.87321	33.52644	34.0778	32.78822	34.51027	32.77835	34.6257
"hsa-miR-532-5p"	34.76584	32.98834	32.93795	34.09351	33.80478	34.25045	33.06912	33.44445	32.76934	32.88318	33.00275	32.26072	33.91481	33.9776	33.62956	33.98226	33.87383	35.18767	33.70823	32.92421	33.82956	33.69891	33.43818	34.52022	33.46825	32.35118	33.97773	33.0671	33.50262	31.72299	32.52749	33.24185	34.15211	33.49212	33.57814	33.91732	31.88168	34.0824	33.85299	32.18982	33.57723	33.54247	34.20066	32.47951	32.0929	34.10244	32.56808	33.69846
"hsa-miR-543"	34.20215	34.10894	40	34.76018	34.15673	33.95253	33.0134	40	32.33203	35.42751	33.80087	34.98145	34.25908	33.7911	40	35.8712	40	34.57751	33.84238	40	35.44744	36.23254	34.87825	40	34.70567	33.73732	35.6287	33.20985	40	33.75036	38.30502	33.97109	32.65527	40	35.13968	34.67211	33.43653	34.62411	36.11235	33.08266	40	34.58449	34.28976	36.47552	40	34.62372	34.19362	35.45466
"hsa-miR-551b-3p"	36.58649	34.21937	34.30505	35.63237	40	34.04336	33.43203	34.83827	33.85817	40	35.79146	40	34.86302	35.81973	40	34.58186	36.22577	34.96752	35.59179	36.46084	35.49397	40	36.60552	34.01502	35.89897	36.60476	36.57307	34.77815	40	34.01356	40	34.87915	36.67352	36.60221	40	36.54166	35.10238	35.10479	40	34.17259	35.55786	36.59646	33.99644	37.06928	34.89931	40	35.51201	35.07943
"hsa-miR-574-3p"	34.13449	33.54767	33.9679	33.10456	33.76135	32.23955	32.70332	32.84591	32.20858	33.76797	32.56501	34.01243	32.73229	33.17975	33.19474	32.91215	33.67116	33.29184	34.02162	33.12669	33.20173	32.90113	32.3358	34.59498	32.48402	32.78538	35.02304	32.65076	34.0237	32.86981	33.85595	34.44866	32.53685	33.02357	32.94943	33.56137	33.18161	32.57871	33.9444	32.07724	33.67775	34.0105251234337	34.55213	33.9166	33.66368	33.7838	33.33412	33.28894
"hsa-miR-584-5p"	35.00153	34.50052	34.65717	34.22942	36.42101	34.02576	35.07677	34.5486920131294	34.45798	34.34312	33.92935	34.05293	34.66844	35.42109	35.56954	33.22515	34.84155	34.8779	34.23133	34.55039	33.99072	33.74303	34.63691	33.80988	35.3487594458905	34.19053	35.94376	33.54622	35.88804	34.33596	35.2104761427581	34.30304	34.93179	34.71288	34.79519	34.88137	33.63706	33.67513	37.45886	34.17126	36.2177	34.83553	34.94172	34.97008	35.19959	35.00233	34.54074	34.30206
"hsa-miR-590-5p"	34.24041	32.84771	33.21736	32.64459	33.8236	33.1901	33.44335	33.01708	31.90286	33.56478	32.28576	33.3921005997019	32.55181	33.44715	33.61021	33.9374	34.07205	35.0452	33.53407	34.08601	32.78432	33.47605	33.75593	34.30144	33.88314	32.43355	32.83453	32.73377	34.17284	31.4924	32.33439	32.97711	32.69112	33.6712859872109	33.62747	35.13064	31.51421	33.01523	34.22377	31.94133	33.61767	33.89239	33.67314	32.42757	33.74106	33.26707	31.84189	33.16059
"hsa-miR-605-5p"	30.26119	30.47723	30.52962	29.77148	31.33854	29.6008	30.82387	30.35019	29.82324	30.01971	29.99564	29.24146	31.49416	30.17516	31.27352	32.1678	31.30147	31.64024	30.58595	30.16163	29.96967	30.80304	31.84801	30.57089	30.1864	31.29756	31.93241	30.7500651007525	30.97444	31.09863	31.4853	30.50256	30.77846	31.5419059595361	30.74463	30.9607	30.48906	30.10558	31.26685	30.06564	30.89937	31.65945	31.65775	31.79166	29.73853	31.5921	30.80342	29.90311
"hsa-miR-629"	34.59084	33.66019	34.78332	33.88615	35.6634074371058	35.146521831931	34.61659	34.63693	33.12578	34.70408	33.43461	33.49802	34.24341	36.94924	34.5096	34.07385	34.26049	36.52792	33.68861	35.33882	33.90942	34.59305	34.33165	34.17623	34.15547	33.18193	35.97557	35.2486381162382	34.49891	32.79777	35.1122	38.9904	34.03241	36.47152	33.94012	36.4618	33.75289	35.54594	34.70541	34.25606	34.46891	36.722	35.33508	34.308	32.67484	36.69106	35.00821	33.65373
"hsa-miR-652-3p"	32.45691	31.59848	31.43861	31.44632	32.50303	31.11012	31.04393	31.01484	30.57763	32.04122	31.04052	30.62786	31.5549	30.84493	31.77805	31.12324	31.58875	32.20286	31.25995	31.74412	30.85907	31.59195	31.30446	31.55919	32.01647	30.92064	32.09312	30.61212	32.31274	29.74437	32.31195	30.74182	31.17036	32.17939	31.92345	31.95323	30.00617	30.99905	32.32455	30.31536	31.70465	31.91526	31.79747	31.74532	30.77903	31.53746	30.31525	31.26271
"hsa-miR-660-5p"	34.229	33.29491	33.83975	33.48067	33.76341	33.51663	33.014	32.75814	33.15281	32.80036	32.93939	32.66406	33.7327	33.59969	32.31263	33.57989	32.91171	35.25248	33.98545	33.62492	33.31412	33.91163	34.89475	34.69509	33.52069	32.5926	33.92423	32.90051	33.23459	31.46347	33.00065	33.60729	34.13662	34.13327	33.70893	34.73656	31.3505	33.61931	33.2929	32.03347	33.6763	34.00538	34.10963	33.01713	32.62223	34.02514	32.59116	33.54909
"hsa-miR-720"	40	40	40	40	40	40	40	40	40	40	40	40	40	40	40	40	40	40	40	40	40	40	40	40	40	40	40	40	40	40	40	40	40	40	40	26.145	40	40	40	40	40	40	40	40	40	25.91133	40	40
"hsa-miR-766-3p"	34.15656	33.01448	34.4280583440232	33.99845	35.32365	33.45123	33.54104	34.24099	33.34285	35.32106	33.99162	34.8989	32.88058	33.53353	35.21522	32.75636	35.7111	35.03339	33.11638	32.91075	32.76546	33.84262	32.95237	33.92719	33.65406	33.08948	34.45543	32.63159	34.1183	33.12762	36.97479	32.85938	32.79852	34.6424398234931	33.80019	34.89371	33.56006	32.75593	34.7636615666495	32.51273	33.94556	34.6486147699641	34.25202	33.52948	34.1152	34.06462	33.06457	34.31663
"hsa-miR-885-5p"	36.90373	36.17593	35.32842	36.03583	35.94388	40	33.9599	35.74007	36.83044	36.78149	39.50452	36.61825	36.27688	38.24646	34.18933	36.20293	35.59699	35.20654	36.60992	35.42904	36.60981	36.08764	35.27782	40	35.72747	36.84235	36.46445	35.69333	36.57943	35.9938	35.14054	36.47792	38.25589	35.41517	37.09327	36.23376	35.10359	40	33.42499	34.16338	36.20295	35.43925	36.54584	37.07821	35.13003	40	35.66137	40
"hsa-miR-92a-3p"	28.02131	26.80247	26.75859	26.46217	27.58707	26.55949	26.69298	26.18602	26.10816	26.31402	26.41657	25.66095	27.06538	26.47339	26.66406	26.86594	26.78384	27.7254	27.31337	26.85912	26.89443	27.11949	27.0353	27.11245	26.70972	25.77718	27.2525	26.64064	27.50094	24.70481	26.63929	26.57228	27.00831	27.58293	26.74843	27.94679	24.87169	26.68913	27.47502	25.50861	27.11425	27.02698	27.71299	26.1472	25.57373	27.55208	25.92977	26.6207
"hsa-miR-92b-3p"	36.37874	35.12178	35.21005	35.04051	35.66942	35.66634	37.04848	35.80564	35.56424	35.01619	35.01782	34.5956	40	35.01056	36.20854	34.94713	35.84038	40	35.69943	35.26253	36.16966	39.27118	35.53442	40	36.18224	35.63234	36.44759	40	35.71177	35.20576	40	34.51983	36.77494	36.7518	36.64891	37.97145	32.85537	35.44856	35.60938	35.02617	36.51776	37.71186	36.23209	37.17526	34.79757	36.03651	35.55207	36.2027
"hsa-miR-93-3p"	35.75121	33.90825	33.81241	33.42174	35.55371	33.21443	33.22851	32.94969	32.76988	33.79296	34.107	33.80305	36.60519	34.06701	36.46377	33.80234	34.88215	37.6361	35.4734	34.31373	34.56949	34.28488	35.06513	33.88024	34.43381	33.14261	35.72909	33.0373	34.23813	31.82532	34.59432	33.76597	33.80648	35.09414	34.69122	35.09466	32.23147	34.24837	35.23164	33.0349	34.80588	35.25762	34.1483	33.15291	32.97745	33.61547	33.02908	33.8393
"hsa-miR-93-5p"	29.37049	27.78987	28.0628	27.59306	28.82477	27.57049	27.89855	27.39991	27.00678	27.74458	27.51937	27.08397	27.85898	27.44213	28.65303	27.92902	28.03806	29.4806	28.40377	28.39277	28.02727	28.19532	28.09958	28.66121	27.91093	26.84524	28.56586	27.5529	28.60349	25.8579	27.96285	27.62057	27.88518	28.81656	27.93584	29.07753	25.8983	27.7727	29.59153	26.65536	28.36235	28.59054	28.94123	27.54158	26.86731	28.43723	26.94731	27.99888
"hsa-miR-95-3p"	40	34.72939	35.8901	35.93211	40	35.60506	36.38626	35.48777	36.63398	34.82525	36.15513	40	37.22016	36.70999	35.0505	40	35.55368	37.1319	36.51664	36.0632	36.54928	35.54429	39.03107	36.71193	36.73603	36.47736	36.74289	37.23312	34.87219	40	37.90247	35.03252	35.33845	36.50681	34.85615	40	35.2183	40	36.54872	35.77644	35.64213	40	39.55333	36.64999	36.41363	36.28541	35.02064	40
"hsa-miR-99a-5p"	32.53739	31.83679	32.25264	31.70131	32.5114	32.22838	30.92816	31.79041	32.04527	31.86963	31.93818	32.07138	32.35928	32.57867	30.85691	32.22086	31.55117	32.22083	32.9472	31.67291	31.92899	32.15896	32.24693	33.11961	32.55697	32.13861	32.24517	31.45288	32.26702	32.0966	30.96293	31.93875	31.69683	32.50103	32.22204	32.81921	30.80235	32.59408	30.7088	31.11211	31.58399	31.45341	32.34614	33.20166	31.10493	32.44326	32.07157	32.83721
"hsa-miR-99b-5p"	33.5963	32.36962	33.18656	33.76538	35.61792	33.06189	32.67724	31.88566	32.20346	32.69575	33.33527	32.10581	32.04273	33.30068	33.2883	32.81519	33.53003	32.73193	32.33659	32.51949	31.97461	32.63962	33.36358	32.78564	33.61739	32.75079	33.67383	31.62807	32.96632	33.09769	32.75	32.55476	32.28937	32.57366	32.76442	33.73162	32.54968	32.80074	32.92668	32.29282	33.48352	32.57701	32.86635	33.07183	32.61124	33.52407	32.28925	31.97176
"UniSp3"	21.88396	21.80128	21.84691	21.67143	21.89017	21.71826	21.87507	21.64655	21.69865	21.75088	21.77827	21.47256	21.70923	21.69932	21.83392	21.73392	21.77062	21.62732	21.76642	21.68988	21.77981	21.8444	21.95005	21.82411	21.78215	21.78246	21.70248	21.78213	21.79059	21.6514	21.74445	21.74449	22.09003	21.74897	21.86148	21.8553	21.72731	21.78258	21.66397	21.85784	21.65298	21.56083	21.91494	21.906	21.61941	21.66443	21.6944	21.78263
"UniSp6"	23.41208	23.57312	23.50244	23.13661	23.63342	23.14076	23.30223	23.26918	23.15533	23.30705	23.20151	22.84439	20.14123	23.18885	23.97656	23.34577	23.21172	19.78581	23.1694	23.15219	23.23267	23.40194	20.2732	23.44347	23.2693	20.02482	19.96417	23.18845	23.22217	23.03574	20.13975	23.2509	23.66952	23.10387	23.29178	23.37575	23.31026	23.28785	23.24554	23.37833	23.251	19.79601	23.57238	20.27574	22.94979	20.04864	23.17074	23.21799
